Word,left,center,right
alleviate,0.9579125751840691,0.03389379700523681,0.008193627810694043
forcefully,0.9423457456292811,0.0021256086603952335,0.055528645710323676
constituent,0.942070451235422,0.04312163920681815,0.014807909557759845
##awa,0.9336068836033821,0.03452133786670724,0.031871778529910785
flexibility,0.8916599576352489,0.0603682330868149,0.04797180927793623
courage,0.8787728614190792,0.1069177667575004,0.014309371823420356
unified,0.8756805436596846,0.034996355204865805,0.08932310113544963
185,0.8614332820251902,0.08204064510730921,0.05652607286750051
##uta,0.8559262320051552,0.10056343437408144,0.04351033362076339
disgusted,0.8502638191888283,0.06482155955744023,0.08491462125373148
secondary,0.8493036699987297,0.1282673741422261,0.022428955859044097
sidewalks,0.8405845770224599,0.06726280184625,0.09215262113129002
offender,0.8399877306591952,0.005885726448681844,0.15412654289212296
marty,0.8338051537960933,0.15827129152132888,0.007923554682577771
infection,0.828801475258839,0.125353170023506,0.045845354717654996
##ota,0.8284924505309671,0.03938970783752437,0.1321178416315086
rocket,0.8267694649835533,0.0411217292324689,0.13210880578397777
attempting,0.8257976745273485,0.066958428472223,0.10724389700042843
bite,0.7896067738067658,0.13725800412850203,0.07313522206473218
evaluation,0.783212501853658,0.10942901253196062,0.10735848561438147
pure,0.7798168227724448,0.19057276468960432,0.029610412537950832
militias,0.779064808182992,0.09666450477203214,0.1242706870449759
somalia,0.7780529254027576,0.08913157729649321,0.13281549730074915
originated,0.7697772827913094,0.07369192574185326,0.15653079146683727
sensing,0.7663474601517288,0.005404318322243996,0.22824822152602714
##uan,0.7629928351833108,0.15588147985728276,0.08112568495940647
wheeler,0.7569565607437604,0.1825074046843436,0.060536034571896005
##ight,0.756318433355707,0.006144217600300421,0.23753734904399257
converge,0.7561863023354852,0.22924001078230155,0.014573686882213237
subsequently,0.7472984527580254,0.199992280664067,0.05270926657790756
cafe,0.7460620989195774,0.06300194778237007,0.19093595329805263
##yp,0.744291721093947,0.24554665994070848,0.010161618965344467
trickle,0.7403200519135794,0.11735701331362888,0.14232293477279168
banged,0.7346601276180563,0.014729307688769584,0.25061056469317405
exploring,0.7344617760878885,0.026946590447074495,0.23859163346503687
centered,0.7340044579678638,0.11484602373139866,0.15114951830073745
conform,0.7327552784069996,0.09880320866270925,0.1684415129302911
ownership,0.7327273687398845,0.13753321583191858,0.12973941542819678
##trom,0.73006913421046,0.1802297348121546,0.08970113097738543
##kk,0.7282472640323925,0.011526949344998226,0.26022578662260937
##rre,0.7243133724117159,0.21364595075433285,0.062040676833951355
##car,0.7183593616419789,0.23476179100705402,0.04687884735096706
moderately,0.7183304687043243,0.07138827811546136,0.21028125318021437
attitude,0.7166322541227762,0.1230470841560628,0.160320661721161
koch,0.7159888473021165,0.08215680549041907,0.20185434720746437
hanoi,0.7148909653221327,0.0432915509704724,0.24181748370739498
cache,0.713476496288243,0.24726820716307493,0.03925529654868213
lau,0.708887061011964,0.06193163103368227,0.22918130795435374
nay,0.7078082725621535,0.15013812102937227,0.14205360640847417
slovakia,0.7068814204535719,0.18679749255303052,0.10632108699339766
simulated,0.7051864358917279,0.16901847511523727,0.1257950889930349
matching,0.7020859146339463,0.20545142711696474,0.09246265824908889
fen,0.6997557454386819,0.18842559375878223,0.11181866080253587
ames,0.6994016899237498,0.04822609559613523,0.2523722144801148
midway,0.6993739585304767,0.12111217610790062,0.17951386536162284
void,0.6979220036717746,0.17714273822973883,0.1249352580984865
essex,0.6965981332519966,0.0007271288741431085,0.30267473787386023
engulfed,0.6953425693551626,0.0021663636871440866,0.30249106695769334
recounted,0.6930755584892795,0.06325284962404339,0.2436715918866771
respiratory,0.6914822687907879,0.1828178713386991,0.12569985987051302
surveys,0.6885205260885717,0.1284808455987348,0.18299862831269348
boarding,0.685088899921212,0.08976773098780906,0.22514336909097904
keller,0.6845895004365199,0.06972735690448457,0.24568314265899546
liable,0.6833589654755029,0.006910740925585913,0.30973029359891124
interventions,0.6832923223568447,0.2233412311467827,0.0933664464963728
patches,0.6817657834575327,0.3024704317216698,0.015763784820797433
fascinated,0.6812719881733074,0.1816632890854129,0.13706472274127982
bernard,0.6799092387718418,0.24318338885163898,0.0769073723765192
allocation,0.6798898840396407,0.29004087085376745,0.030069245106591737
loose,0.6797789517653908,0.15232347265858198,0.16789757557602725
wagon,0.6742812359579156,0.02407570309469791,0.3016430609473865
ironic,0.6742493802664562,0.030697353870462914,0.29505326586308084
raw,0.6733930496567007,0.1699801235844458,0.15662682675885356
##tangle,0.6733097416042488,0.25892877111609086,0.06776148727966028
intersection,0.6694785224286656,0.06591647537733335,0.2646050021940011
tales,0.6691167170391422,0.000609880909983929,0.33027340205087385
unpublished,0.6691083098625419,0.23519640434806618,0.09569528578939195
moldova,0.6684752071217405,0.2532173046868229,0.07830748819143671
liberty,0.6674637139351974,0.17251507766230365,0.16002120840249898
luis,0.6663040543707028,0.31801497518708216,0.015680970442215024
worrying,0.6660118656129491,0.1742263557545577,0.15976177863249316
##ont,0.6651579381498143,0.08425492114934922,0.2505871407008365
reactors,0.6637413785867433,0.3108862791137644,0.02537234229949232
dividing,0.6637341927267326,0.2638941643133096,0.0723716429599578
insufficient,0.6624498734469434,0.031097340998428723,0.30645278555462796
expectation,0.6611525494474042,0.07434419659067137,0.2645032539619244
demonstrate,0.6599111645265366,0.1224450689730831,0.21764376650038025
horizon,0.6594260267318994,0.24870404170415308,0.0918699315639474
dealers,0.6559104098298957,0.3223285080935637,0.021761082076540605
torre,0.6541662202694145,0.17942763502635178,0.16640614470423354
##inga,0.6531808476831182,0.006920126260128952,0.3398990260567529
jp,0.6520894272173147,0.08529412950874932,0.2626164432739359
tam,0.6515287814038708,0.2748585008562039,0.07361271773992534
tis,0.6506599080062027,0.2639505590617064,0.08538953293209084
assign,0.650404665846183,0.23834552122075256,0.11124981293306456
personality,0.6491287853978377,0.25471612468479077,0.09615508991737166
portray,0.6485287856410498,0.2602918196813308,0.09117939467761943
preferred,0.6479022727461303,0.041604419185268665,0.31049330806860087
ambition,0.6461431902297948,0.19012057524646644,0.1637362345237388
##nable,0.6452013604214655,0.2966656550377596,0.058132984540775035
bread,0.6450872100033792,0.05432628389623576,0.3005865061003851
episode,0.6438609811246904,0.11896527856132116,0.23717374031398836
livestock,0.6436022539978371,0.28277905224154476,0.07361869376061826
manufacture,0.6425847793595474,0.2319464805795822,0.1254687400608704
abdul,0.6417360152787489,0.21639152316460925,0.14187246155664188
manning,0.6407024859075178,0.266826256507922,0.09247125758456037
relates,0.639501637099176,0.12805043512928144,0.23244792777154263
emphasis,0.6392618015840946,0.1266007897956991,0.23413740862020618
##lam,0.6375944735915526,0.16985402817741335,0.19255149823103396
##ules,0.6371289580623228,0.0649180182841379,0.29795302365353915
calculation,0.637110468807662,0.20719390299595436,0.15569562819638347
##ori,0.6363859936093735,0.18566471870033927,0.1779492876902872
landslide,0.6357726242152411,0.23535799558173534,0.12886938020302358
##dar,0.6336949778350627,0.07174963790234522,0.29455538426259215
earnings,0.6336429554681182,0.35587839096193424,0.01047865356994747
edged,0.6335812053372646,0.24008327828572418,0.1263355163770112
vegetable,0.6332748282097608,0.32389745502234757,0.042827716767891454
panthers,0.6323386101499541,0.04509056129728254,0.3225708285527635
buyer,0.6318631322071634,0.037902891634854365,0.3302339761579821
##gli,0.6318053345560494,0.047998254889358695,0.32019641055459186
stab,0.6310548432256894,0.14377274907521875,0.22517240769909175
pathogen,0.6285901822594774,0.0008243744611386462,0.37058544327938403
archive,0.6274783111988905,0.20775135897150337,0.16477032982960604
corn,0.627215220356333,0.08544797648871016,0.28733680315495674
##how,0.6270080568904655,0.03957140071250705,0.3334205423970275
##fr,0.6261341424074153,0.274325030574724,0.09954082701786077
##ured,0.6258616166393417,0.1199486079757956,0.25418977538486276
##bina,0.6251886484429107,0.33615094110465954,0.03866041045242973
cancellation,0.6241453276840881,0.03132944037165776,0.34452523194425416
carries,0.6217928141203454,0.07655730238687777,0.301649883492777
##omy,0.620861330843265,0.0029707656605732604,0.3761679034961617
##field,0.6200740001729685,0.1517161472248209,0.22820985260221052
publish,0.619086905746463,0.22519459874222578,0.1557184955113112
intensity,0.6190319801001075,0.21144151897254945,0.16952650092734292
rewards,0.6184611187016614,0.029123035033522156,0.3524158462648165
##kim,0.616843706203759,0.10411064091808964,0.27904565287815136
clarify,0.6167233321232963,0.18168906196285967,0.20158760591384403
founders,0.6166010634081801,0.21301883960456672,0.17038009698725312
recovered,0.615587308370304,0.15715874930638002,0.22725394232331603
##lus,0.6152017909722698,0.013763687059782216,0.37103452196794795
sofia,0.6150299845243214,0.12693966300665965,0.25803035246901884
animal,0.6140064974509134,0.10130327863635326,0.2846902239127334
##iting,0.6132479552111215,0.22550481746779547,0.16124722732108296
julius,0.6124731744036531,0.0511636853993327,0.3363631401970141
containers,0.6121127441251506,0.013366152332402861,0.3745211035424465
##eye,0.6117305616382993,0.33584721241120746,0.052422225950493284
evolving,0.6112099389523756,0.3237765862257085,0.06501347482191594
examination,0.6111207863494609,0.19761070605666053,0.19126850759387856
tabloid,0.6095180366628195,0.11030284268151849,0.28017912065566214
intermediate,0.6093600704568192,0.09934914561433887,0.2912907839288419
rob,0.6090932235208871,0.0717014595346793,0.31920531694443344
accounting,0.6087448833496691,0.31184393116401854,0.07941118548631237
norms,0.6086893890423715,0.18608992322779624,0.20522068772983237
##kra,0.608008589820876,0.09736730369304675,0.29462410648607723
donate,0.6076080437802146,0.17478112972481838,0.21761082649496696
skater,0.6068773292147517,0.32190614853578053,0.0712165222494677
brittle,0.606723235454665,0.04721041555801268,0.3460663489873223
tripped,0.6066284956923363,0.06584160190072129,0.32752990240694235
miami,0.6060890968038541,0.19109724504139097,0.20281365815475488
jealousy,0.6047864523969367,0.0742052726414255,0.32100827496163775
pediatric,0.6046168349759075,0.28373500552826925,0.11164815949582317
besides,0.6034285440414812,0.14297256751659737,0.25359888844192147
rosario,0.6029855654719974,0.30173323478164576,0.09528119974635678
violently,0.6026514522663615,0.12142482804701815,0.2759237196866204
##worthy,0.6017074261967836,0.22340175752636987,0.17489081627684644
##mann,0.6016067739307791,0.23793513940244093,0.16045808666678008
migration,0.6013225449610041,0.18295141291336003,0.21572604212563576
##du,0.6011042667108639,0.1685806058698733,0.23031512741926266
flare,0.6002043697214713,0.24539078487184848,0.1544048454066802
whistle,0.5996840626163238,0.07521179022985834,0.32510414715381786
##mart,0.5995632756519291,0.3454311182744359,0.05500560607363498
experiences,0.5993318329928933,0.3947826080543747,0.005885558952732008
kurt,0.5981028200846865,0.18602300558605928,0.2158741743292542
##front,0.5980587131985717,0.13084934552020483,0.2710919412812235
walsh,0.5977634337615221,0.110288131022525,0.29194843521595293
1963,0.5977091813754509,0.197458382086969,0.20483243653758004
##hr,0.5961444792623013,0.18923450441849682,0.21462101631920188
studied,0.5954653450381983,0.03503787226644076,0.36949678269536096
sip,0.5947894410977176,0.11683352747234338,0.2883770314299391
sweeney,0.5946750531736149,0.21181365776829708,0.193511289058088
337,0.5944927176671849,0.3104338916714968,0.09507339066131835
maxwell,0.5933908947509104,0.004522525745095482,0.4020865795039942
trains,0.5930625704220347,0.012575901257982114,0.39436152831998317
periods,0.5921274567547671,0.2639171815383985,0.1439553617068345
tourism,0.5908320668911944,0.09468593416829992,0.3144819989405056
enabling,0.5906287150947688,0.25280172721758826,0.15656955768764289
fairness,0.5905110618114985,0.013905148672331962,0.3955837895161697
entertain,0.590116914263349,0.2740691970743409,0.13581388866231
invites,0.5890551229409526,0.27631136389979016,0.13463351315925715
greed,0.5889087541269282,0.09106396345922188,0.3200272824138498
##uri,0.588797895140319,0.18199689594712984,0.22920520891255122
cove,0.5884927050532307,0.06035825313856689,0.3511490418082024
outlaws,0.5883128846169258,0.30128542943422904,0.11040168594884513
implementation,0.588306425406261,0.03485294054639383,0.37684063404734514
##dron,0.5882770239508032,0.09323911498161634,0.31848386106758053
hovering,0.5859152651968565,0.3649127182128392,0.04917201659030417
improves,0.5854547176736044,0.31230687903338766,0.10223840329300797
##tom,0.5852779613824958,0.3766177281060559,0.03810431051144827
450,0.5852062067777759,0.29544439337465517,0.11934939984756884
##eca,0.5844256317862534,0.14037341402475223,0.2752009541889944
pittsburgh,0.5837363832825561,0.00014699257009981857,0.416116624147344
editing,0.583136361095705,0.34601119173828015,0.07085244716601496
##bians,0.5828906288695065,0.2168093183955011,0.2003000527349925
crescent,0.5824379930348466,0.028078662501077746,0.3894833444640756
##vance,0.5815467413609827,0.11344065604597767,0.3050126025930396
##ilis,0.5813875378732274,0.1704486967980691,0.24816376532870346
##ease,0.5813142348765497,0.05551872889562697,0.36316703622782337
narrower,0.580998329994544,0.11270578499075637,0.3062958850146997
considerably,0.5797882146119068,0.05126079325858318,0.3689509921295101
##endez,0.5784082603357668,0.08672819899944524,0.3348635406647881
##ants,0.5783024215882787,0.3516369824659294,0.07006059594579181
label,0.5779825245826287,0.15705379285615503,0.26496368256121633
ind,0.5776073827784776,0.09524512729557219,0.3271474899259501
60th,0.577560594453389,0.24436725065722212,0.17807215488938888
famously,0.5774917881406297,0.3162113686135148,0.10629684324585559
thirteen,0.5773411408854806,0.16107207766142562,0.2615867814530938
mounted,0.5771558436955185,0.1295378595831606,0.2933062967213209
jose,0.5769546516305483,0.038727147951419405,0.3843182004180323
##ern,0.5769278085286867,0.27481417267495634,0.148258018796357
cocked,0.576612739779759,0.1324392774826735,0.2909479827375674
##ised,0.5764125963935933,0.1306937444205713,0.2928936591858353
attract,0.5760374612018311,0.09732246960374899,0.32664006919441996
anticipating,0.5757759832157635,0.2978258752781797,0.1263981415060567
##side,0.5754348836880102,0.30989722056195973,0.11466789575003
##cher,0.5753871437878597,0.081800774914303,0.3428120812978373
appreciate,0.5753085050309275,0.34790906809668687,0.07678242687238555
fulton,0.5752616690020963,0.37165461205276507,0.05308371894513856
##lter,0.5745209516895707,0.25143197287784275,0.1740470754325865
usual,0.5740764782854116,0.1855330188018091,0.24039050291277936
##kes,0.573192242574163,0.1432425173616954,0.2835652400641416
database,0.5727680481272288,0.11030703573920025,0.3169249161335709
greatly,0.5722983138904207,0.1538065473591668,0.2738951387504123
retaliation,0.5722407486776894,0.2794948333140058,0.14826441800830492
##agger,0.5712204110013167,0.32335314893930384,0.10542644005937955
sb,0.5710683948884079,0.19273706567230692,0.23619453943928526
awareness,0.5696192227501881,0.07584843376178643,0.3545323434880255
composite,0.5692805742087822,0.32008108287280357,0.11063834291841416
outlet,0.5692150856989763,0.22183738711900716,0.20894752718201653
properly,0.5687165845601913,0.2582074865695104,0.1730759288702984
representation,0.5683982705174956,0.07496992449047768,0.3566318049920268
native,0.5677303744243668,0.019241936100138687,0.4130276894754945
busch,0.5674192167876624,0.040833212649252104,0.39174757056308557
min,0.5671760519329089,0.3679456640025675,0.06487828406452353
infant,0.5670282190555249,0.3681282875683424,0.0648434933761325
18th,0.5667898725567603,0.21518815744273626,0.2180219700005034
airline,0.56659739623504,0.36456040692505204,0.06884219683990794
jun,0.566256781760227,0.13396898191535267,0.29977423632442035
dil,0.5658943714428267,0.29022963505833527,0.14387599349883795
actively,0.5654988808261193,0.10790753296930908,0.32659358620457146
##lip,0.5643949225255341,0.1437983213024015,0.2918067561720643
15th,0.5639604603058789,0.21828716250821992,0.21775237718590115
##ung,0.5638398334970227,0.12181907732391753,0.3143410891790597
ensure,0.5637002212245441,0.16852446328190201,0.267775315493554
slice,0.5630024083486114,0.06478118562298746,0.3722164060284012
fearful,0.5624892138050083,0.07715640583907576,0.360354380355916
coal,0.5616870243384782,0.25762744367582,0.18068553198570175
hp,0.5613217418240379,0.08837876594512525,0.3502994922308367
jiang,0.5608908315471193,0.18012155554003637,0.2589876129128445
exchanged,0.5608904730442329,0.12245718556523565,0.31665234139053133
311,0.5606209393648446,0.03133568019632855,0.4080433804388269
tangled,0.5605206944947152,0.1331748405073057,0.3063044649979791
moran,0.560043157478454,0.29857182554329575,0.14138501697825037
reinforce,0.5599203395955016,0.14993769596356935,0.2901419644409291
authored,0.5595835112632412,0.3402350508858162,0.10018143785094272
tidal,0.5590118476237362,0.21357561950345455,0.2274125328728092
poked,0.5589801850783787,0.2327416481109702,0.2082781668106511
direct,0.5588861360801868,0.22452298397237708,0.2165908799474362
04,0.5586895779664354,0.28745972608003967,0.15385069595352502
suspense,0.5585852953838562,0.1461653158354367,0.29524938878070706
laughing,0.5584140299540917,0.03824906352945592,0.4033369065164522
##mm,0.5584087023960502,0.37908695576019363,0.06250434184375617
distract,0.5579828807738997,0.062145810582031266,0.37987130864406904
discusses,0.5578241140755241,0.1511521735881158,0.2910237123363601
surprisingly,0.5572994102656535,0.20785489573187166,0.234845694002475
acknowledge,0.5569517671783438,0.26409170829154904,0.17895652453010705
fist,0.5567917963966296,0.10642708735357202,0.3367811162497985
kanye,0.5565236571133083,0.28684225145850917,0.15663409142818252
karen,0.5565104333860931,0.04351474850669912,0.3999748181072078
##ics,0.5558874920418502,0.010468117988629852,0.43364438996952
##ila,0.5557319606044887,0.13973044429425002,0.30453759510126127
highways,0.5554276468640945,0.23736144247928914,0.20721091065661634
continuous,0.5541451890349978,0.07455495485720197,0.3712998561078002
translations,0.5535749189754604,0.4019962003410954,0.04442888068344412
##ssing,0.5525586908589948,0.0970450742487819,0.35039623489222327
function,0.5522591092334965,0.15132057689137385,0.2964203138751296
products,0.5512645456529609,0.17521223097039715,0.2735232233766419
darren,0.5507570523512384,0.013822386621261439,0.43542056102750015
##elling,0.5506698612875374,0.2924261922618189,0.15690394645064362
dedication,0.5503860343250857,0.1599950591234166,0.2896189065514977
variously,0.5494885908420852,0.1351497888553872,0.3153616203025275
retail,0.5492007379375815,0.17461655848680369,0.27618270357561486
philanthropist,0.5490793341221459,0.19911178254919987,0.2518088833286541
##nti,0.548982120164005,0.14454368470451387,0.30647419513148105
trio,0.5489012457860482,0.1546795890500774,0.29641916516387445
sailed,0.5485247991607208,0.13379616218302706,0.3176790386562522
##tat,0.5484484232569439,0.26354762370284723,0.18800395304020887
##tting,0.5483516171921651,0.07035653100413712,0.3812918518036978
##marks,0.5483026902501931,0.3477164801165301,0.10398082963327683
chains,0.5479788962043611,0.165014816105964,0.2870062876896749
newt,0.5479058948233686,0.18369056655479518,0.26840353862183625
throw,0.5478573850976453,0.14684296168705385,0.30529965321530095
cart,0.5477530871351699,0.24573503321558887,0.20651187964924106
seventh,0.5473091616411414,0.29273152735318736,0.1599593110056713
receives,0.5472426445625138,0.0965443302752499,0.35621302516223624
fis,0.5472292674488212,0.2307297566394218,0.22204097591175703
seated,0.5471765323503296,0.23002745594141566,0.22279601170825472
lev,0.546970389319468,0.038966027346934745,0.41406358333359733
paw,0.5467486141516721,0.3399740584710394,0.11327732737728845
##dded,0.5463103661840852,0.2639961753111502,0.18969345850476463
token,0.5461910886423732,0.13824593312358643,0.31556297823404045
fx,0.5460032793458156,0.18146785842334978,0.2725288622308347
46th,0.545624826973304,0.30156746771198206,0.15280770531471405
osborne,0.5454003331109942,0.1612495055391322,0.29335016134987363
consumption,0.544273978157457,0.4103825931235425,0.045343428719000316
reservoirs,0.5442581345370846,0.3155970373118385,0.140144828151077
swap,0.5440446962843082,0.09673988846796487,0.35921541524772693
##ene,0.5438238099061378,0.39152595464891266,0.06465023544494954
##row,0.5436109065129504,0.1235306772597295,0.33285841622732026
meter,0.5431810158516563,0.12851731153162393,0.3283016726167197
tooth,0.5431566396500855,0.14973898748695946,0.30710437286295483
insert,0.5427088626721447,0.2061749320069201,0.25111620532093526
##bery,0.5426610548389105,0.14141287512239464,0.3159260700386947
terminated,0.542542677369041,0.3149351651849926,0.14252215744596636
##fare,0.5424333329106426,0.4256699810730517,0.03189668601630574
ammunition,0.5424252451675315,0.12349077211277155,0.3340839827196969
##nick,0.5422363449695039,0.22954885478302628,0.2282148002474698
modeled,0.5422022380006298,0.1635535987218372,0.2942441632775329
explicitly,0.5418568943995198,0.19292857334264774,0.2652145322578325
mi,0.5416002381158175,0.26897700609092506,0.18942275579325735
22nd,0.5415905603955865,0.27779508689780735,0.1806143527066061
tory,0.5414225804030813,0.2067839469419386,0.25179347265498003
seeks,0.5413415880066297,0.342336143823269,0.11632226817010147
##cho,0.541212482819851,0.3788263815054068,0.07996113567474207
rental,0.5409206115631712,0.402303894454655,0.05677549398217386
monte,0.5408159233805214,0.0412236190173156,0.4179604576021629
peterson,0.5406536859784067,0.3210664902742795,0.1382798237473138
logan,0.5404836095413047,0.10249496962174515,0.35702142083695015
governed,0.5402807966062222,0.389159643529743,0.07055955986403464
##hill,0.5401423160457945,0.3056135543032491,0.15424412965095638
territories,0.5399269748666857,0.2564734839142257,0.20359954121908866
deploy,0.539894254852956,0.2832994656743437,0.17680627947270042
climb,0.5398936811226538,0.03973016102382919,0.4203761578535169
arrest,0.5395907731107471,0.20273259181816664,0.25767663507108635
##koff,0.5392063475789773,0.1272196132831517,0.333574039137871
pigs,0.5386071480843171,0.2705000485408643,0.19089280337481873
professional,0.5385560595665971,0.16959280692555614,0.29185113350784686
generic,0.5383971199689223,0.09829194400069428,0.3633109360303834
southeast,0.5379935290397693,0.3134945691210767,0.148511901839154
threads,0.5375805873904332,0.11897073324410912,0.3434486793654578
catastrophic,0.5374250495210423,0.12881375929552236,0.33376119118343517
strap,0.5373321575801174,0.08260062800967205,0.3800672144102105
frederic,0.5373197480851986,0.45129598740666216,0.01138426450813936
theme,0.5371414862586533,0.3266170154521308,0.13624149828921578
##hos,0.5371147905819855,0.1148347779787058,0.34805043143930864
stops,0.537064634699888,0.14487181089900766,0.31806355440110445
##jia,0.5367756867816359,0.38110059369137583,0.08212371952698838
reformer,0.5365377538355347,0.41090634593418307,0.052555900230282296
backup,0.5362738354356824,0.2968273267482294,0.16689883781608814
assigned,0.5360560782244922,0.22916022042637788,0.23478370134912996
##uts,0.5358599321000006,0.35908575358373324,0.1050543143162661
##war,0.5355991453803746,0.1695614466815527,0.2948394079380728
##holder,0.5354102983798238,0.3980950567381867,0.06649464488198946
bargaining,0.5352938706252389,0.10908423790582529,0.35562189146893564
strains,0.5352072664912992,0.13512111367777316,0.3296716198309276
##cies,0.5351776652909725,0.4175689754578256,0.04725335925120175
boxes,0.5350954866818404,0.12726498123404506,0.33763953208411457
##net,0.5349781112311602,0.18975485835270714,0.2752670304161326
##wart,0.534935227006308,0.39814236443927514,0.06692240855441699
alternative,0.5348194607713842,0.30230357522268464,0.1628769640059311
##oof,0.5347900068875625,0.1973727200794591,0.2678372730329784
simplified,0.5347466968097694,0.4644305142138744,0.0008227889763562279
grill,0.5347055388664843,0.4245582882003787,0.04073617293313703
linking,0.5339266104693237,0.28361634497852983,0.1824570445521465
marching,0.5337415150631177,0.24088808159735986,0.22537040333952238
enormous,0.5334639360431799,0.09242646870747093,0.37410959524934917
choking,0.5328427533125402,0.023081668508729777,0.44407557817873
##don,0.5321359641477675,0.19572954254091013,0.2721344933113223
assassinate,0.5315690416952007,0.1397467526277467,0.3286842056770527
salazar,0.5311356394619338,0.14032049708437871,0.32854386345368763
##hai,0.5309968779845163,0.29073633689248274,0.178266785123001
arthur,0.5304102739321218,0.20905961311687019,0.26053011295100803
deteriorating,0.5301952542908361,0.12995497769396663,0.33984976801519723
atlas,0.5292856175306205,0.10332404517395803,0.36739033729542153
fitness,0.5290332540313178,0.30535451044543854,0.16561223552324358
mclaughlin,0.5288152894635898,0.13019665153844548,0.34098805899796475
classification,0.5282431090066028,0.3911352129198137,0.08062167807358367
##aly,0.5276378730518727,0.019814890809712937,0.4525472361384144
guatemala,0.527586598839272,0.11038934640300428,0.36202405475772387
variation,0.5274652792449723,0.034275836898561576,0.43825888385646616
stuck,0.5272769233061477,0.039060204943712436,0.43366287175013996
knot,0.527102780758569,0.40409500335387005,0.06880221588756096
celebrates,0.5269730557052076,0.06769966961313549,0.4053272746816569
legislators,0.526756793972947,0.2535692951049049,0.21967391092214822
glass,0.5267415204784635,0.23117238472837495,0.24208609479316168
stating,0.5264396229099346,0.3260925259051506,0.1474678511849147
kirby,0.5263787257611398,0.13759791864229148,0.3360233555965687
hurry,0.5255654753533646,0.11846502379699392,0.3559695008496414
horns,0.5253780416935108,0.34852534995702733,0.12609660834946196
##haw,0.5252345880494114,0.3201232509959285,0.1546421609546602
cadence,0.5251005749387893,0.05187657021158687,0.4230228548496239
terminate,0.5250854609650472,0.15085127331294798,0.3240632657220049
practical,0.5248522275858891,0.1185926915892538,0.3565550808248571
upper,0.5246471789702739,0.18013688266222594,0.29521593836750015
trading,0.5242415407436615,0.3057452409872989,0.17001321826903965
vincent,0.5242398975747878,0.4181702999320853,0.05758980249312681
overseeing,0.5239457875001856,0.2652060619378976,0.21084815056191697
flores,0.5239143907316147,0.05605122321600646,0.42003438605237886
hat,0.5238508799508466,0.09783764939677031,0.3783114706523831
voluntary,0.5237057712702274,0.21164442087613947,0.2646498078536331
levi,0.5234280445061974,0.23737269278752027,0.23919926270628242
##oom,0.5234266639061393,0.11509056319728954,0.3614827728965711
##imi,0.5233773826023498,0.1462683573503585,0.3303542600472917
che,0.5229602562328578,0.0861070798155017,0.39093266395164045
gifts,0.5228295608098638,0.06350402786516024,0.41366641132497595
lloyd,0.5223175389595774,0.19820244334351964,0.2794800176969029
villa,0.5222426216007593,0.20779620896453546,0.2699611694347052
reluctant,0.5218870804728127,0.29033102077441514,0.18778189875277215
fest,0.5217076133202642,0.3714276106451456,0.10686477603459026
##wick,0.5216388579666217,0.46556208098766355,0.012799061045714757
##sett,0.5210232008555653,0.06825143361496654,0.4107253655294682
##fen,0.5209983042977104,0.23670373037967635,0.24229796532261322
##ase,0.5209389741076622,0.40132217184441205,0.0777388540479258
pipeline,0.52077201064881,0.24329821264009815,0.2359297767110919
drowned,0.5207346403317701,0.1282039094020172,0.35106145026621266
poorer,0.5203824301653049,0.15297748805930217,0.326640081775393
tau,0.5198845011668795,0.37221710189495544,0.10789839693816518
considerations,0.5195985644128034,0.46020781817296363,0.02019361741423308
highness,0.5192775534365617,0.019365081399553907,0.46135736516388454
collision,0.5192095086132531,0.24894528583836306,0.23184520554838375
testament,0.5189606387294816,0.053489467656288675,0.42754989361422974
sings,0.5186916826181944,0.3402579337051439,0.1410503836766618
salmon,0.5185648362596835,0.33896552485154796,0.1424696388887685
posing,0.5185430675828279,0.0684376780552172,0.413019254361955
##yd,0.5184263569890117,0.395317294098349,0.08625634891263921
squeeze,0.5184008696534782,0.14630032762655903,0.3352988027199628
broadway,0.5183639318161544,0.41022409558899975,0.07141197259484597
priced,0.5183356523605399,0.14893209100417912,0.33273225663528083
discipline,0.5182735348206774,0.22548795665363475,0.2562385085256879
##making,0.5182643523454932,0.04339422160191726,0.4383414260525894
woodstock,0.518195121667683,0.22891120619554484,0.2528936721367723
mud,0.5181151901797697,0.32923947568250783,0.1526453341377224
introducing,0.5180607456092756,0.0017130741829459871,0.4802261802077783
geographically,0.5178911407168613,0.2868510016035373,0.1952578576796015
##hab,0.517510050012965,0.32056630368150457,0.16192364630553047
staying,0.5171512116974983,0.29974347584993105,0.1831053124525706
##uance,0.5169860580716199,0.15714327070724354,0.32587067122113655
##so,0.5167984297979428,0.06776461138358668,0.4154369588184705
##orted,0.5161340440639208,0.2853781298463613,0.19848782608971774
rampant,0.516109637852128,0.14254156586318228,0.3413487962846895
qualify,0.5160165998186116,0.12798020887272163,0.3560031913086668
spaces,0.5158518760132624,0.24752246915390558,0.23662565483283202
erase,0.5153885658719264,0.1329515837398536,0.35165985038821995
exposure,0.515186584401576,0.12386630545321525,0.36094711014520875
partially,0.5150640933408505,0.12713900258462577,0.3577969040745237
devastation,0.5150322373033089,0.21882341907997324,0.26614434361671796
ballistic,0.5150185277251695,0.1296225338735859,0.3553589384012445
prefers,0.5146657498366937,0.0668518792607737,0.41848237090253254
##ried,0.5145110448789302,0.18512637900001888,0.30036257612105094
sam,0.5142911492753615,0.3994563929180967,0.0862524578065418
##dicate,0.5142458141055914,0.27536225166802963,0.21039193422637903
##ary,0.5141551260606936,0.30460556938930033,0.18123930455000622
giant,0.5137266712899082,0.20191840229470479,0.28435492641538695
##matic,0.5135472775721727,0.06605708547056419,0.4203956369572631
##placed,0.5135323754493064,0.40037149291998786,0.08609613163070584
phoenix,0.5134969461256356,0.17733587942098172,0.3091671744533826
lash,0.5134740044438422,0.020566532729255464,0.46595946282690226
##pm,0.5133340156242528,0.2899663339940402,0.19669965038170684
dependence,0.5131762767448932,0.13602413801066965,0.350799585244437
##old,0.5129099791356402,0.10437132645513103,0.3827186944092288
##yre,0.5125944515882253,0.28388118257219436,0.20352436583958047
##ries,0.5124860410249482,0.3181710769536661,0.16934288202138573
cycle,0.5121703449588955,0.22850179990094338,0.2593278551401611
defined,0.5121701435345409,0.20783567831425587,0.2799941781512033
twin,0.5120514110641563,0.09250320179850284,0.39544538713734073
##uck,0.5116653010235447,0.020150732854978835,0.46818396612147645
stall,0.5115929344719277,0.15806299669019047,0.33034406883788187
##connected,0.5115579736646005,0.03799652159704394,0.4504455047383555
##rly,0.5113150106384468,0.17417547431816335,0.3145095150433899
materialized,0.511276688188556,0.2214227601202895,0.2673005516911545
##ritan,0.5112672188150953,0.08961086366155589,0.39912191752334886
mice,0.5111420354827594,0.3611425413174422,0.12771542319979842
verdict,0.5104840000586689,0.07082450295345356,0.4186914969878775
obsession,0.5099702236819328,0.0691550346765315,0.42087474164153565
##hic,0.5099576804719438,0.34706977281702583,0.14297254671103043
engineering,0.5096013004753293,0.2985034769257374,0.19189522259893338
processing,0.5094187248975661,0.15724103202906226,0.3333402430733715
yells,0.5085727535852943,0.21238122639646598,0.2790460200182397
##alo,0.5083891622776802,0.07635067317560228,0.4152601645467177
harriet,0.5078747561182622,0.1797588453656785,0.31236639851605935
fails,0.5076899419750803,0.23829892710479536,0.25401113092012434
roy,0.5075657973146083,0.15031303158066284,0.34212117110472884
disrupt,0.5075656970376199,0.17994240799492744,0.31249189496745267
consulted,0.5073631921012368,0.140846125843815,0.3517906820549482
patience,0.5072851943177417,0.032081253905098285,0.4606335517771601
ham,0.5072288832847908,0.21744314299621842,0.2753279737189908
raced,0.5070314580098813,0.42348814106495974,0.06948040092515897
predicting,0.5070163912438371,0.19246791853058717,0.30051569022557584
ronald,0.5068647083177764,0.13285883496864406,0.3602764567135796
trent,0.5068220352216132,0.04480745749146761,0.44837050728691935
wilson,0.5067955803465181,0.18118940565626931,0.3120150139972127
wings,0.5067037131469943,0.24586941553539327,0.24742687131761243
complaints,0.5066982701566105,0.2014305231872598,0.29187120665612987
comparisons,0.506445800422766,0.37282285019886763,0.12073134937836644
featured,0.5061184149762888,0.10259754283316345,0.39128404219054785
reagan,0.5060626253356907,0.06245187403810712,0.4314855006262022
belly,0.5059783025402248,0.331225571601528,0.16279612585824724
myth,0.5056515229550396,0.046159867583702205,0.44818860946125816
otherwise,0.505631859141542,0.22751651044694374,0.2668516304115143
retaining,0.5055809442033986,0.42059209878654646,0.07382695701005487
parentheses,0.5054874572291098,0.20720279007873263,0.28730975269215747
compressor,0.5053793423559226,0.23459275707101016,0.26002790057306713
ant,0.505378009762973,0.17428070528297862,0.3203412849540485
##uw,0.5052829857947811,0.2372056742721706,0.2575113399330483
##flow,0.5047987266126477,0.13355520159585524,0.361646071791497
quote,0.5047601673792639,0.45208331163762355,0.04315652098311266
smartphone,0.504173335999181,0.20753382454575203,0.2882928394550669
realizing,0.5041612857534689,0.010517710629668536,0.4853210036168626
partial,0.5037959316870878,0.3476591715283949,0.14854489678451718
##itical,0.5037747027851821,0.05198614250723679,0.444239154707581
pi,0.5036017887472527,0.15661071000099097,0.3397875012517565
releases,0.5033730130552575,0.2823114805512944,0.21431550639344812
turbine,0.5033587345414582,0.3399457850869506,0.15669548037159126
province,0.5030647372847439,0.19032852336743722,0.3066067393478189
rumble,0.5028764478964278,0.044226208630841674,0.4528973434727305
78,0.5027116127742266,0.20555031149696643,0.291738075728807
portrait,0.5027049360865757,0.30927941517016316,0.18801564874326107
jacob,0.5026953732737455,0.10027052083157002,0.3970341058946845
origin,0.5026197301370493,0.17925274184817905,0.3181275280147716
birds,0.5025823310855903,0.2825299809667483,0.2148876879476614
##mba,0.502399641131103,0.03690117734094371,0.46069918152795325
okay,0.5023696848112466,0.023501903816910728,0.47412841137184275
750,0.5022181561397266,0.3384813624393672,0.1593004814209062
importantly,0.5022145643519957,0.4884096577413269,0.00937577790667738
astonishing,0.5019760420650848,0.09027425016522513,0.40774970776969005
ports,0.5019517907769635,0.31947920039362576,0.1785690088294108
unlock,0.5017525683129527,0.4657431603697255,0.03250427131732172
bumps,0.5017228209505596,0.11468184025225144,0.38359533879718893
ash,0.5015365436549317,0.11265932580134191,0.38580413054372636
##illo,0.5015239377237966,0.3643239817554703,0.13415208052073305
##tate,0.501388507329895,0.1905512869073905,0.3080602057627144
##not,0.5013694533054904,0.157790275717143,0.3408402709773666
ul,0.5012045874797169,0.3294372295761706,0.16935818294411245
advocating,0.50119318119191,0.11907933422136284,0.37972748458672706
sec,0.5009351458633194,0.1135563212701855,0.385508532866495
mimic,0.5008336596819006,0.14231394857663116,0.35685239174146827
earnest,0.5005653992400894,0.1873994764063781,0.3120351243535326
debated,0.499552901332236,0.17763381284509683,0.3228132858226673
##zes,0.4992339374583743,0.4230437343891046,0.07772232815252123
publisher,0.49906152715231017,0.23830435116098497,0.26263412168670497
illustration,0.4990418039657048,0.20337801315201537,0.29758018288227983
##gn,0.4990106112480949,0.2907181943796732,0.21027119437223185
jurisprudence,0.4989901431782935,0.09606386978159709,0.40494598704010937
assessment,0.49865324120075777,0.25548662185312887,0.24586013694611322
distraction,0.49850693245656474,0.38256044573628545,0.11893262180714977
proximity,0.4984337679493714,0.3546974516861773,0.14686878036445136
retreat,0.4984124550876058,0.09574343942605347,0.40584410548634076
kids,0.4983627382461098,0.23283426910122942,0.2688029926526609
goodman,0.49782810004793326,0.21271446497251048,0.2894574349795562
rigged,0.4974251798209574,0.2633325839740967,0.23924223620494597
suspects,0.49720056589630623,0.2183857045743734,0.2844137295293203
strauss,0.49696729651874477,0.01572187628007324,0.48731082720118196
proportion,0.49693978073818357,0.27508162990558604,0.22797858935623028
younger,0.49679895917689587,0.252225763135,0.250975277688104
rudy,0.4967858054128942,0.17979606663652725,0.32341812795057856
perfection,0.49677284315200215,0.1991580303955651,0.3040691264524326
##eem,0.49668789122598583,0.0633265743120003,0.4399855344620139
units,0.49649719126563696,0.2320676978597355,0.2714351108746275
licensed,0.49628497150829803,0.3292416438888398,0.17447338460286219
shine,0.4960143125878661,0.15008179323492601,0.35390389417720786
lieu,0.4959750114488289,0.3251587912825926,0.17886619726857858
entrepreneurs,0.49591515643888945,0.34654971048441224,0.15753513307669828
celebrated,0.49586118544491664,0.35025210194997936,0.153886712605104
kerr,0.49583794599306996,0.2341853145006079,0.2699767395063221
suffering,0.49580474854444034,0.14637984815898028,0.35781540329657946
thread,0.49570779597192116,0.4494245162776317,0.05486768775044711
hartman,0.49559593831183496,0.470301359746592,0.03410270194157305
##zard,0.49544740268046644,0.01857996376737758,0.48597263355215586
suggestion,0.4953022422468299,0.1821348222260739,0.3225629355270962
fish,0.49484727412519763,0.2140702785595875,0.291082447315215
##eer,0.49451469987480445,0.27499408420812993,0.23049121591706567
reaction,0.4944016794006708,0.07979068253636526,0.4258076380629639
clint,0.4943107402617226,0.15761705190789843,0.34807220783037895
implications,0.494222541837221,0.4152225522872259,0.0905549058755531
##ano,0.49391030016687104,0.20656120985982965,0.2995284899732993
resist,0.4938650899193783,0.21552855556999134,0.2906063545106303
characterization,0.49370540384899814,0.01975920245531379,0.48653539369568816
##uni,0.4932404884481951,0.13388178664750114,0.37287772490430365
##lifting,0.4932256935306958,0.3273134784934874,0.17946082797581686
rna,0.4931273645780396,0.20083054053885,0.3060420948831105
depth,0.4930589543745217,0.3954016401143767,0.11153940551110166
recipients,0.4929778333345821,0.1807131728878828,0.326308993777535
spectrum,0.4925283326555088,0.2474137253580646,0.26005794198642646
structural,0.49250901371058625,0.4831543730846889,0.02433661320472491
##ska,0.4924100640883037,0.31661301549556276,0.19097692041613365
oval,0.49239072564127495,0.253706591417631,0.25390268294109397
##kind,0.4923171875473142,0.0710687499299043,0.43661406252278145
paramilitary,0.4920407120217939,0.18259445576304664,0.32536483221515955
dubious,0.4918879063388596,0.30880445091963094,0.19930764274150947
technical,0.4918786566395234,0.2943535543052958,0.2137677890551809
ida,0.49166433624058264,0.28846289333049635,0.219872770428921
dal,0.4914923210675435,0.33858685885758083,0.1699208200748757
1999,0.49147999444715307,0.40616546701726014,0.10235453853558682
patrick,0.4913350799849842,0.30993775236320203,0.1987271676518138
waste,0.4912873745352981,0.31321711367846944,0.1954955117862325
albeit,0.4912110021100054,0.18742724088954382,0.32136175700045067
