Word,left,center,right
argentine,0.9943305971195647,0.0015565478576400847,0.0041128550227952036
withdrew,0.9693675593040431,0.005663645732182611,0.02496879496377433
##chison,0.9603018849187561,0.033572824755776165,0.006125290325467748
04,0.9577226865758295,0.004021322265166856,0.03825599115900367
prostitutes,0.9568786882852721,0.015788561269178734,0.027332750445549087
privilege,0.9444519149084313,0.04187490638947431,0.013673178702094389
viewers,0.9429166799248196,0.04857547024560072,0.008507849829579587
bennett,0.930988274851945,0.06722151071779428,0.0017902144302606197
armenians,0.9298944515206622,0.02303662518224224,0.04706892329709544
shadow,0.9159627240760666,0.002497369445483126,0.08153990647845036
174,0.9129162468135902,0.06654831157699254,0.020535441609417407
strictly,0.9044629974584129,0.02400705390633156,0.07152994863525566
manfred,0.9009161975217045,0.05960713777316438,0.039476664705131156
dictatorship,0.9002387259289849,0.09253761258171356,0.007223661489301549
reactor,0.8997754927499422,0.05788170569290708,0.042342801557150665
obscured,0.8996500321755168,0.003965041386215083,0.09638492643826821
sinclair,0.8971957535917763,0.014192516392593793,0.08861173001562996
containers,0.8960628447084203,0.052484773232308705,0.0514523820592709
settle,0.8958030273623969,0.0037798120734096677,0.10041716056419343
conviction,0.8955976445916741,0.08362115639493785,0.020781199013387947
##pass,0.8951357741450255,0.07286277217029904,0.0320014536846754
hottest,0.8949804153660915,0.0353186158146847,0.0697009688192237
thus,0.8907930320061159,0.0637558529028571,0.04545111509102696
##pon,0.8907538334951769,0.02549731660058038,0.08374884990424274
gym,0.8885136924979414,0.0642267482194322,0.04725955928262638
sorry,0.8812800882714925,0.0969522578096328,0.02176765391887466
##sive,0.878095035816536,0.11754519957115386,0.004359764612310082
holmes,0.8752971037292552,0.03627567210106427,0.08842722416968046
spanned,0.8746882697770947,0.002420751003608567,0.12289097921929673
borg,0.8735380599502974,0.09439803731822351,0.03206390273147899
fury,0.8730285866497277,0.021426922272270475,0.10554449107800186
explosion,0.8719486419680417,0.06531042468089293,0.06274093335106547
##logic,0.869312611201428,0.07183917603797675,0.05884821276059519
assign,0.8660320030178867,0.0679011250349081,0.06606687194720516
therapeutic,0.8631332383405689,0.015709074941730475,0.12115768671770058
intend,0.8620430725880515,0.052195323614641936,0.0857616037973066
forerunner,0.8579532450610732,0.10986250788614901,0.03218424705277781
##oting,0.8559250895562466,0.036006144985961754,0.10806876545779176
mausoleum,0.8552652867314658,0.06923498006332181,0.07549973320521235
brink,0.8541759715534191,0.05231502220412306,0.09350900624245781
instructions,0.8540485922177123,0.002803491455468466,0.1431479163268191
supplier,0.8538856431491544,0.04257015759071157,0.10354419926013413
##oli,0.8534993480728411,0.023669278365623922,0.122831373561535
##fra,0.8527716891047045,0.12992074980214477,0.01730756109315071
intimate,0.8519298566799062,0.12146396788229534,0.026606175437798536
torches,0.8504496109333408,0.03827848872843166,0.11127190033822736
lining,0.8498951398918236,0.017504285090292414,0.13260057501788383
relied,0.848261725526513,0.020424074940735382,0.1313141995327516
jay,0.8476762412883968,0.10650203363443705,0.04582172507716607
deteriorated,0.8473007239442624,0.06816692099913328,0.08453235505660436
oversees,0.8460645311948339,0.055184518986401504,0.09875094981876459
amplified,0.8416047298890827,0.129459238194538,0.028936031916379192
abolished,0.8412142734752744,0.09022491500013849,0.06856081152458715
hannibal,0.8406245166739243,0.06146241341322256,0.09791306991285288
warp,0.8380248313319942,0.08930304062438955,0.07267212804361614
acclaimed,0.8344144062087364,0.1631917119445638,0.002393881846699648
discover,0.8260587113620336,0.15308572519382188,0.02085556344414456
dated,0.8229106500267115,0.08609077020934178,0.09099857976394674
##encia,0.8225753593934829,0.1283202084576399,0.04910443214887717
wheeler,0.8222879376741175,0.01570722075324713,0.16200484157263542
##eding,0.8221926794276657,0.13630172415599506,0.04150559641633934
nikki,0.8196310149244541,0.050280179945024185,0.1300888051305216
unmarked,0.819349595224997,0.12417322239065356,0.056477182384349484
atmosphere,0.8176100135498351,0.060220200586514935,0.12216978586364992
categories,0.8161464086606008,0.1284365809606746,0.055417010378724575
patches,0.8119962777393558,0.05135699393005927,0.1366467283305849
113,0.8089398320002108,0.16246851465290008,0.028591653346889123
avalanche,0.8088041131579865,0.0663104863556492,0.12488540048636428
##rre,0.8062459483669044,0.08338906411059362,0.11036498752250201
victories,0.8061005794775579,0.149843998581622,0.04405542194082027
yield,0.8055735169270978,0.18857048098912177,0.005856002083780453
olga,0.8055285712700576,0.11894297571467582,0.0755284530152666
irresistible,0.8037386917543937,0.1332982317240432,0.06296307652156301
feeling,0.8023861052004585,0.06363624898293575,0.13397764581660562
southwest,0.8007887711594861,0.17705859136535332,0.02215263747516068
##un,0.7984177408813604,0.15234073101700177,0.049241528101637795
ambushed,0.7982994103021276,0.08125779432280152,0.12044279537507084
##aging,0.7975106200625175,0.1554557988427952,0.04703358109468715
pantheon,0.7951522101208764,0.00869505245554886,0.19615273742357472
narrowed,0.7951280081170521,0.06517361625218547,0.1396983756307624
##san,0.7947988673509788,0.13077000918577325,0.07443112346324797
##his,0.7913323404031621,0.014784235831712152,0.19388342376512577
captivity,0.7908003171607153,0.11858128872587521,0.0906183941134095
##uz,0.788575384748802,0.09398322801057787,0.11744138724062014
possession,0.7882813584276092,0.11488106736314621,0.0968375742092448
carts,0.7864138029064975,0.18145038795787,0.03213580913563245
##block,0.7863341251745544,0.1335901101287001,0.08007576469674552
genevieve,0.785511087515983,0.10548679669481385,0.10900211578920313
privileged,0.7849493281616676,0.13443030411843743,0.08062036771989493
##org,0.7846908693072279,0.020889429535387673,0.19441970115738438
economist,0.7838269453191974,0.1353623378631345,0.08081071681766806
interpretations,0.7829917583066792,0.19400197105606956,0.02300627063725133
##was,0.7829026838581883,0.048670075107486645,0.16842724103432508
agricultural,0.7815897989581884,0.11560837308039733,0.10280182796141422
roanoke,0.7796016168155124,0.10047327977756773,0.11992510340691995
punched,0.7790977031803,0.007827954239787688,0.2130743425799123
opted,0.7756821307230571,0.18357812419377526,0.040739745083167536
comeback,0.7733865117464216,0.14982079183154204,0.07679269642203627
collapses,0.7727345647978612,0.04327494325231115,0.18399049194982758
##pha,0.7713944188397505,0.07462609685546209,0.15397948430478736
doc,0.7699111197085358,0.112344353577154,0.11774452671431021
heating,0.7697547783014664,0.0693673003972001,0.16087792130133347
underwent,0.7695757227611182,0.05393508211996003,0.17648919511892175
firefighters,0.7693282298224516,0.16660840099730972,0.06406336918023857
46th,0.7687503839879032,0.20015437049238755,0.03109524551970929
servicemen,0.7679781965602389,0.1421802411504503,0.08984156228931073
afl,0.7673417204505416,0.12962111288789574,0.10303716666156264
editing,0.767291539964139,0.10451227565922502,0.12819618437663596
kathryn,0.7672800542529995,0.06223381140673319,0.17048613434026735
##torm,0.766655500221452,0.03495471520482769,0.19838978457372033
##ergy,0.7646836439025869,0.10455716768696142,0.13075918841045162
##zzo,0.7644652891249406,0.17934505700672165,0.056189653868337686
superficial,0.7641965615724656,0.043332956815139115,0.19247048161239527
##iac,0.7641529086610083,0.09435533645872092,0.1414917548802707
exceptions,0.7636790191138441,0.06171948575855796,0.17460149512759815
antrim,0.7632322494938751,0.005654290226598736,0.2311134602795261
liable,0.7627554812690636,0.171814914807716,0.06542960392322042
##brand,0.7622709159592337,0.0075642702891055074,0.23016481375166067
2006,0.761798707818459,0.03318113776098915,0.20502015442055171
pretended,0.7617303203343653,0.12892708590302746,0.10934259376260728
##ative,0.7616544876069403,0.11779524142124105,0.12055027097181868
virtue,0.7613561471247731,0.2105218740848897,0.028121978790337183
evident,0.7612535954843516,0.04338852749436908,0.19535787702127932
chapter,0.7607061549115172,0.08677775764752405,0.15251608744095885
ellen,0.7596000106490821,0.23489773112951745,0.005502258221400479
wet,0.7594506538297098,0.1504864467020286,0.09006289946826163
extensively,0.7591109205698706,0.071705080343097,0.16918399908703233
swiftly,0.7584671643760792,0.11840269531672559,0.12313014030719532
myth,0.7571368290334497,0.006384079528127406,0.23647909143842283
facial,0.7558215791353108,0.21260061326252674,0.031577807602162396
dates,0.7554722015384607,0.13117760566110026,0.11335019280043895
illustrate,0.7552525028750815,0.21475524164737217,0.029992255477546362
230,0.7552004255776642,0.08340093655108992,0.16139863787124573
recoil,0.7542705572532566,0.08573625307110487,0.1599931896756385
planet,0.7530213143196313,0.08090105981144126,0.16607762586892744
stack,0.7521577094324559,0.07743030757372515,0.17041198299381902
##din,0.7509765514142472,0.11821091321743012,0.1308125353683227
stroke,0.7504134679029068,0.2419996510202226,0.0075868810768704945
sheets,0.750043837877315,0.1490842945485259,0.10087186757415903
breed,0.7494845465345743,0.21877760078476818,0.03173785268065748
##eet,0.7489386312269852,0.1266121846975114,0.12444918407550347
link,0.748833317632504,0.1258500205980541,0.12531666176944198
greek,0.7485080235958167,0.08445580955996689,0.16703616684421643
##bre,0.7483571608440679,0.03623472102181734,0.2154081181341147
##ider,0.748006305878562,0.12000764202438939,0.13198605209704858
illicit,0.746650778591225,0.1406470950915284,0.1127021263172466
debating,0.7460762065609359,0.09245199395815294,0.16147179948091117
enrollment,0.745637429866783,0.22408699390523948,0.030275576227977385
devised,0.7453508442183348,0.17090028757172576,0.08374886820993963
meat,0.7435444364754992,0.1960298753358812,0.06042568818861974
sioux,0.7432980954147314,0.20395051312426787,0.05275139146100076
##su,0.7431750352758013,0.16273275495089792,0.09409220977330073
uncover,0.7429427086803775,0.1276217717709527,0.12943551954866986
slick,0.7428139336409284,0.152823255505729,0.10436281085334255
aggressively,0.7416754726336441,0.2012462422832972,0.057078285083058795
southeast,0.7396056771173543,0.09118227401628265,0.169212048866363
##ions,0.7389845930517502,0.16590636657862526,0.09510904036962448
restricting,0.7388629302854204,0.2524258019520411,0.008711267762538527
skepticism,0.7380086366019669,0.1573474823848082,0.10464388101322486
detention,0.737604994063336,0.2192115481787368,0.04318345775792715
pods,0.7374346847904126,0.10791228049597786,0.15465303471360956
raleigh,0.736292246357276,0.11024880016579615,0.1534589534769278
depend,0.735836386476703,0.24388722538525434,0.020276388138042573
winds,0.735736698527986,0.1659713631702027,0.09829193830181143
##35,0.7352546854161958,0.032861842347178524,0.2318834722366257
1887,0.7349898315848787,0.18566181130920967,0.07934835710591157
distract,0.7334598740953244,0.04635118156086005,0.22018894434381553
lakeside,0.7324527927699104,0.14060860518665746,0.12693860204343219
##side,0.731660423899544,0.1064542301045369,0.16188534599591906
elena,0.7315770213339322,0.23892297096788845,0.02950000769817936
hospitality,0.7307001372045379,0.010728320962139153,0.2585715418333229
arlington,0.7299530179446773,0.16921164672367375,0.10083533533164898
##ings,0.7299425558643776,0.18265702798828395,0.0874004161473383
##lessly,0.7297437992884394,0.1931434266596292,0.07711277405193144
loudly,0.728006867319603,0.09846626687718542,0.17352686580321172
fascinated,0.7270761351293433,0.21997948485395752,0.05294438001669914
##iba,0.7250930108517714,0.17555510093020316,0.0993518882180256
cannes,0.7242973618800422,0.2093067651540714,0.06639587296588632
preservation,0.724120877264867,0.25353164138065964,0.022347481354473318
insanity,0.7238979657146011,0.18457205520447564,0.09152997908092327
amp,0.7229973425492339,0.08224892462799324,0.19475373282277295
revoked,0.7226624490001948,0.13934222929134538,0.1379953217084599
##rys,0.7220171130028233,0.1467915320372508,0.13119135495992598
thoroughly,0.7196198744857828,0.2537038873380197,0.026676238176197405
attempts,0.719450711132195,0.12721274154915516,0.1533365473186497
stat,0.7191565942020166,0.024250384961690196,0.2565930208362932
emil,0.7191462054214168,0.2212073034646798,0.059646491113903265
undergoes,0.718536092641662,0.0324882148578947,0.24897569250044324
embarrassed,0.7185256754055223,0.16620555672701254,0.11526876786746527
commando,0.7185208096858424,0.02017722202597776,0.26130196828818
tabloid,0.7183566926617623,0.013421531463677848,0.2682217758745598
fairness,0.71789767259962,0.015175288081783792,0.2669270393185962
influencing,0.7177747226799893,0.13483093710191857,0.14739434021809197
##bet,0.7177684843504482,0.27983229489764777,0.0023992207519039797
suffolk,0.7176754139141168,0.22280696749011233,0.05951761859577081
teens,0.7166389925446158,0.23969712175674718,0.04366388569863684
database,0.7164309825667052,0.06961915736826102,0.21394986006503386
declining,0.7163206760906004,0.08991519030301286,0.19376413360638678
abrupt,0.7162455211166917,0.10037036028646358,0.18338411859684473
contracted,0.7155658702885512,0.21934517543264156,0.0650889542788072
##13,0.7153380382249263,0.04700332054975861,0.23765864122531521
intentions,0.7150057565497422,0.07451217402594924,0.21048206942430858
pregnant,0.714340868821577,0.027612691122629648,0.2580464400557933
exposure,0.7122060816537152,0.08764965072272096,0.2001442676235638
valiant,0.7117148904369528,0.26297891795894707,0.025306191604100057
merits,0.7106249810080876,0.1680060240793164,0.12136899491259606
apartheid,0.709859243351506,0.08405398520943788,0.2060867714390563
devin,0.7090916744348366,0.149253603702241,0.1416547218629224
inmate,0.7081331183459065,0.2693403093302744,0.022526572323819084
405,0.7057257462435742,0.269938005513506,0.024336248242919717
considerations,0.7048378443867427,0.005336113360151908,0.2898260422531053
##nge,0.7045160647404242,0.2690097720769081,0.026474163182667737
##hend,0.704191655546441,0.20635468551108047,0.08945365894247856
rumbling,0.7031555951284583,0.2539439681303012,0.04290043674124063
crossings,0.7028090757589632,0.0959256293116263,0.20126529492941042
destruction,0.7011654648682593,0.10893365010292141,0.18990088502881927
valet,0.7008220002564145,0.22937475994575648,0.06980323979782904
evaluate,0.6997783754615223,0.05174392461369186,0.24847769992478588
cyrus,0.6995864593892958,0.08982247768305206,0.2105910629276521
ate,0.6992792778807203,0.26138094832587133,0.03933977379340836
topics,0.699220676570532,0.2995395099448725,0.0012398134845955785
##mer,0.6989564191429488,0.16195173382872544,0.1390918470283257
attracting,0.6988191238966768,0.08515254780793015,0.21602832829539295
evan,0.6974498806719097,0.26580740094687266,0.03674271838121775
simplified,0.6970235035001808,0.19411862320015189,0.10885787329966738
incarcerated,0.696948438895293,0.052315665368021985,0.25073589573668503
##rc,0.6967713578986104,0.2547772795461807,0.04845136255520885
##gged,0.6966465039619326,0.1162560654609503,0.1870974305771171
anna,0.696427771541161,0.046592267696256864,0.25697996076258206
fen,0.6964037852815385,0.18725710037596774,0.1163391143424938
viable,0.6960290812207081,0.05579662880088091,0.2481742899784109
borrowed,0.6954254329223256,0.2757276659983382,0.028846901079336188
riches,0.6953631910002555,0.2740223709681542,0.03061443803159036
##als,0.6952946741318723,0.26907286144488607,0.03563246442324157
bedroom,0.6949549042321255,0.29213361056674003,0.01291148520113448
##fest,0.6947285433280154,0.24562919047929316,0.0596422661926915
ankara,0.694361109604262,0.05398337895248462,0.25165551144325343
sniffing,0.6931005154819457,0.020234321148737577,0.28666516336931663
fleet,0.6926029267807031,0.15637696004772164,0.15102011317157518
##asia,0.6919664040707143,0.13064687003800168,0.177386725891284
##oms,0.6918058050533457,0.12849812876348876,0.17969606618316553
modified,0.6911613931681265,0.29706298601178677,0.011775620820086654
celebrates,0.6907140045942831,0.194157473072114,0.11512852233360292
##eim,0.6906515041162303,0.27832516716974337,0.03102332871402645
tightly,0.6905239412747953,0.09976715876469108,0.20970889996051367
forums,0.6904999839435311,0.1398889419137208,0.16961107414274798
##geny,0.6895252314200667,0.23208482947887185,0.07838993910106129
kurt,0.6894612607825867,0.09904609672825215,0.2114926424891612
flooded,0.6884746093836556,0.20004560935692975,0.11147978125941466
sanctuary,0.6876205157313917,0.13081110302690135,0.18156838124170693
kings,0.6873800994748952,0.16157532510689473,0.15104457541821015
##yman,0.6870017354360078,0.2071250486130116,0.10587321595098045
baptist,0.6861384740212524,0.18444275576501187,0.12941877021373585
entertaining,0.6854143005387235,0.2747828704782516,0.039802828983024945
capabilities,0.6851551190893793,0.24809312586184734,0.06675175504877343
stocked,0.6849724733048518,0.2183711059906703,0.09665642070447797
ruins,0.6845933103069476,0.11473732258450041,0.20066936710855196
practicing,0.6845544258679506,0.12988536694135855,0.18556020719069083
commons,0.683624420170414,0.30593313199545075,0.010442447834135317
type,0.6829398884887965,0.06588652171128391,0.2511735897999196
##eu,0.6820232018279365,0.1450774291945257,0.1728993689775377
clint,0.6820168433449851,0.1364015552132444,0.1815816014417705
resulting,0.6819564540512331,0.06797972507198889,0.25006382087677814
replacement,0.6810238457159546,0.07457806957067009,0.24439808471337524
##dan,0.6808864469727357,0.1897872710360483,0.12932628199121596
severely,0.6805525131072137,0.15996102580547011,0.15948646108731632
thou,0.6804864213812664,0.07929744025104295,0.24021613836769057
depth,0.6804456168770058,0.1559900314303064,0.16356435169268782
##ucci,0.680244655772209,0.11169868664818829,0.2080566575796026
assume,0.6800795675823296,0.16452633466121144,0.15539409775645882
##taken,0.6800617497127825,0.2838809547231026,0.03605729556411486
laughter,0.6800042886757477,0.21819907506752068,0.10179663625673165
remark,0.6798054216234181,0.1469057883332661,0.17328879004331596
vanderbilt,0.6791585911798543,0.2882601224156077,0.03258128640453784
purposes,0.6791476424064816,0.054911789975146286,0.2659405676183721
##rod,0.6785788058863212,0.2187477160776916,0.10267347803598721
pump,0.6782208293154609,0.20295173204871714,0.11882743863582217
panthers,0.6778934663367474,0.272134342812324,0.04997219085092863
tunnel,0.6776337055559143,0.3048877229277427,0.01747857151634303
talent,0.6776256060156961,0.1473852334298505,0.1749891605544534
manuel,0.6772623156607078,0.19199876410027564,0.13073892023901662
horror,0.6764858421528157,0.2510160210301533,0.07249813681703092
woo,0.6760645368754041,0.1490062592728004,0.17492920385179545
enduring,0.6754476185135878,0.3072348088898171,0.017317572596595117
##el,0.6740619988723873,0.1501939831608609,0.17574401796675185
auditorium,0.6733208213030518,0.1771285666086737,0.14955061208827447
fated,0.673198694874888,0.10868896262714924,0.21811234249796277
##ttal,0.6730565226583205,0.18291385298856608,0.14402962435311342
alison,0.672106064268231,0.05448368978555607,0.27341024594621294
dial,0.6720039546604499,0.09321798453052563,0.23477806080902455
yo,0.6719217888364802,0.029761627070705142,0.2983165840928147
adequate,0.6713076996910868,0.11541416185687271,0.21327813845204047
funded,0.6709274369569385,0.16507114958170988,0.16400141346135164
monitors,0.6704653209878011,0.2882224763251322,0.04131220268706669
thereof,0.6687860976892526,0.28138246431234354,0.04983143799840391
materials,0.6684722279131502,0.06766317055401089,0.2638646015328389
cereal,0.6681052259201822,0.09598483192076832,0.23590994215904956
##lou,0.6680570934712877,0.12439889761433742,0.20754400891437483
ardent,0.6676653685344007,0.2807465854237452,0.0515880460418539
ai,0.6673168242390498,0.2224432260702757,0.11023994969067438
dominance,0.6666712621147506,0.14429359287855617,0.18903514500669316
plea,0.6663680188177304,0.30241572315268056,0.031216258029588863
facades,0.665759810152216,0.13261240663869284,0.20162778320909117
##nch,0.6654574623457463,0.10551781350504001,0.2290247241492138
##helm,0.6654400043144869,0.2941560836626595,0.040403912022853504
mom,0.6649800506422848,0.26534835723021366,0.06967159212750144
hopefully,0.6646834628897191,0.29406167912260694,0.041254857987673865
servers,0.6646101838624463,0.04758081484560305,0.28780900129195053
utter,0.6645144835160994,0.18323756771683541,0.15224794876706527
carly,0.6636351682563522,0.04733608935893094,0.2890287423847169
spiral,0.663451383949216,0.2559095186107107,0.08063909744007332
licensed,0.6633252725203311,0.30097889161090297,0.035695835868765825
portray,0.6625757384404591,0.2400972789664332,0.09732698259310776
ram,0.6625037464442438,0.2422580781111299,0.09523817544462633
participating,0.6617518128345901,0.24414226923634547,0.09410591792906456
cough,0.6611991288616471,0.2312885802024563,0.10751229093589675
ship,0.6610592845798319,0.09467082086077545,0.2442698945593927
uae,0.6608459429973583,0.25894985318799907,0.08020420381464242
variation,0.6606502024241797,0.1818023788710842,0.1575474187047361
fetal,0.6602791689718658,0.12404238650136067,0.21567844452677354
drops,0.6602284869045049,0.10227580234177819,0.23749571075371695
##ol,0.6592279014647335,0.24658567015858515,0.0941864283766814
burned,0.6591208852547574,0.3140110473102638,0.026868067434978892
hughes,0.6588928465885152,0.1953238692865394,0.14578328412494537
difficulties,0.6586476466425407,0.005994210865178533,0.33535814249228063
overturned,0.658509146945496,0.15927141825867758,0.18221943479582647
audit,0.6583215841293889,0.057604427062767645,0.28407398880784357
airing,0.6578314001253527,0.2521844850743147,0.08998411480033268
foundations,0.6573473679040418,0.13061180019736948,0.21204083189858872
##chio,0.6566393912959619,0.14789811852609536,0.1954624901779427
neighbourhood,0.6565160131051871,0.21945940735220656,0.12402457954260625
mocking,0.6564651435601427,0.14513813625042837,0.1983967201894289
##itarian,0.6551801776063408,0.2081224916562795,0.13669733073737972
88,0.6551562873442808,0.17309336509578843,0.17175034755993082
hugo,0.6547627486813734,0.24542744206463205,0.09980980925399453
continents,0.6535774687370866,0.02554843968088032,0.32087409158203317
##backs,0.6535565570923281,0.17194816843669145,0.1744952744709805
curtain,0.6534444368880633,0.15616421873655628,0.19039134437538047
steep,0.6533755875503907,0.04803375305860632,0.29859065939100293
##front,0.6530052353454716,0.30174015504365326,0.04525460961087516
iphone,0.6525542519736922,0.1379828437449787,0.20946290428132908
sip,0.6521509326402041,0.3310771892566951,0.016771878103100765
urban,0.6521163090976956,0.07162494852337307,0.2762587423789312
masterpiece,0.6519560583351738,0.22235701839300087,0.1256869232718255
ensured,0.6519392241574238,0.09454990785763108,0.2535108679849451
##omp,0.6518725720159357,0.3382923174158686,0.009835110568195572
ru,0.651268607538952,0.17470828653391574,0.1740231059271323
min,0.6504883133888437,0.1469518171068933,0.202559869504263
##tens,0.6503869864168913,0.3165468326142413,0.033066180968867424
##uter,0.6500930861357195,0.07785003988701908,0.2720568739772615
project,0.6500892978833616,0.11826424645647642,0.2316464556601621
##urgent,0.6488485371106465,0.04130973110768681,0.3098417317816668
interpretation,0.6488339990619504,0.12246458449306422,0.22870141644498548
narrowly,0.6486839934261687,0.20805339339874082,0.1432626131750904
##dom,0.6485004138394357,0.09773089400036132,0.2537686921602029
##dd,0.6484722470116824,0.09944770476803441,0.25208004822028324
skill,0.6481264005595311,0.3336766543318081,0.018196945108660847
hollis,0.6480795897009253,0.06082757716569943,0.29109283313337525
respectively,0.6480437619131297,0.040082944714067786,0.31187329337280234
fatalities,0.6463426705269725,0.20191347412754723,0.15174385534548032
patent,0.6461637256427774,0.2395493923049482,0.11428688205227443
triumphant,0.6461064075123626,0.1729151493902137,0.18097844309742375
accident,0.6459051200828259,0.23666914531372513,0.11742573460344898
##iss,0.6450611025963067,0.18171260592176117,0.17322629148193214
supervisor,0.6445189805724991,0.1492531180558566,0.20622790137164432
delightful,0.644227183640845,0.190241163099781,0.16553165325937402
exhaust,0.6440537127441823,0.08379991425859484,0.27214637299722283
anton,0.644040359576634,0.3424671045387059,0.013492535884660015
driver,0.6438930374511728,0.11118581098461704,0.24492115156421018
md,0.6436263332518811,0.037028090960825946,0.31934557578729283
disappears,0.6435264744761986,0.05345298006856401,0.3030205454552373
cake,0.6434914744772902,0.11275248121503267,0.24375604430767706
ea,0.6429191409357031,0.1968650998162396,0.16021575924805734
##iti,0.6425967812105708,0.04003710712020906,0.31736611166922
everybody,0.6424346469771081,0.28571397586831515,0.07185137715457693
partially,0.6423601194493183,0.11505224329675702,0.24258763725392465
legally,0.6419728181919464,0.13166954467709915,0.22635763713095453
gunfire,0.6419605419441782,0.17739510922301102,0.18064434883281089
##js,0.6418360879195256,0.08777820961218405,0.2703857024682903
resembled,0.641706405452126,0.2801229284614484,0.0781706660864257
nosed,0.6413904566452294,0.00010516008442180547,0.3585043832703488
##nic,0.6412038682602762,0.26122363751045974,0.09757249422926412
strips,0.6409740607836564,0.055428391474350656,0.303597547741993
graphics,0.6409253927912738,0.15586771204321376,0.20320689516551238
##par,0.6408003238447157,0.25662464771611043,0.10257502843917393
sophisticated,0.6405139080598502,0.33218004300553117,0.02730604893461867
selection,0.640441372681145,0.16245271757916516,0.19710590973968983
tidal,0.6401371579318356,0.16578550840487893,0.19407733366328564
wendy,0.6399027665646073,0.11434804701850929,0.24574918641688343
remembers,0.6397850480195237,0.15822674557802274,0.20198820640245352
offenses,0.6395747329988165,0.04779264507504536,0.31263262192613817
jam,0.6392305202443019,0.1459913160989325,0.21477816365676547
##cap,0.6390489964333265,0.2080333627854981,0.15291764078117537
##ique,0.6385944614910788,0.24652099270359426,0.11488454580532707
puerto,0.6384730333541222,0.04638054669481114,0.31514641995106657
##tic,0.6381119114052486,0.03125668292318944,0.33063140567156196
##script,0.6380703562838334,0.04069057001689352,0.3212390736992732
llc,0.6376989248986911,0.0787972599334864,0.28350381516782247
kicks,0.6375046649645687,0.23225933235102822,0.13023600268440316
##view,0.6374771362368046,0.15939858882695468,0.20312427493624072
joke,0.6372660407095172,0.3032385031776393,0.05949545611284351
##uka,0.6372365019598017,0.09785314942371263,0.26491034861648555
##ore,0.6371192686534141,0.017106269834868158,0.34577446151171787
demonstrate,0.6369179986256597,0.1386095667886677,0.2244724345856726
christians,0.6368804469531281,0.26207105610103054,0.10104849694584138
##rly,0.6367164080097755,0.3348518018652337,0.028431790124990745
regards,0.6360922512670573,0.08101413157013047,0.2828936171628123
recordings,0.6359520515481991,0.2099990292072295,0.15404891924457137
##kr,0.635784916335443,0.07259540555085758,0.2916196781136994
bow,0.6356879757246057,0.14876815235104163,0.2155438719243527
fee,0.635509636648219,0.18484081834290816,0.17964954500887284
battled,0.6351653652031516,0.2646728801559081,0.10016175464094025
talked,0.6350303015848023,0.21720483262343704,0.14776486579176062
commencement,0.634508180692526,0.13454457515808127,0.23094724414939274
doubling,0.6343021742732577,0.1346413330193911,0.23105649270735118
alpha,0.6341256288190436,0.27564134332212314,0.09023302785883323
staple,0.6337617059949442,0.11584132250283033,0.25039697150222556
structural,0.6336414090077295,0.04233651146439223,0.3240220795278782
##way,0.633115931928804,0.24089809271100884,0.12598597536018716
disgusting,0.6323389030577381,0.2845865130048727,0.08307458393738923
##wal,0.6323000189117965,0.04966767462791153,0.3180323064602919
collar,0.6319643240126872,0.1386291290115225,0.22940654697579035
##raf,0.6308917022404279,0.18083674905821437,0.18827154870135768
1866,0.6308722077390533,0.06119648658344317,0.3079313056775036
contemplating,0.6306718475455445,0.1135359980430747,0.2557921544113808
keystone,0.6306667001657414,0.2290244264031489,0.14030887343110973
boxes,0.6301462886282841,0.12899083705065398,0.2408628743210619
unfolded,0.6296073207548125,0.2507033409255746,0.11968933831961286
nicholas,0.6294807527828032,0.09336392002541574,0.2771553271917811
freely,0.6293480461215484,0.29854808061610183,0.07210387326234972
aftermath,0.629304438460361,0.15866744934005853,0.21202811219958037
gustavo,0.6287516922136674,0.1877235485564151,0.18352475922991743
relative,0.6286834507181722,0.035469431355110534,0.3358471179267174
grill,0.6283110162269558,0.2353317757390581,0.13635720803398615
verbal,0.627869352308908,0.052439281250447854,0.3196913664406441
pod,0.6275882696545906,0.06857824083701525,0.3038334895083943
##eem,0.6273357747471526,0.27441583083792453,0.09824839441492272
apps,0.6268027270812151,0.3141038506236313,0.05909342229515371
naturally,0.6266895219598947,0.14165554603087827,0.23165493200922713
chat,0.6265187179692611,0.22429587062150547,0.14918541140923333
complicated,0.6265011959424304,0.14662604288307438,0.22687276117449526
hack,0.6264881979893793,0.05136071776170624,0.3221510842489145
##yon,0.6261158030398465,0.22643456351174712,0.1474496334484064
##chel,0.6259155742379351,0.2915980559350201,0.08248636982704491
clive,0.6257287968508395,0.16397787059273575,0.21029333255642485
turbine,0.6253643446425298,0.25090252553802034,0.12373312981944994
hysterical,0.6253502747589734,0.22632705260169766,0.14832267263932905
##sti,0.6250182827340539,0.14842792452822126,0.22655379273772483
##yde,0.6246542340909294,0.009940204876507649,0.365405561032563
candy,0.6245726406414791,0.0446879329451098,0.3307394264134109
skull,0.6238500401479049,0.2794341503685252,0.0967158094835698
reaching,0.6235940858385299,0.13104883568333325,0.24535707847813693
classmate,0.6233411701272505,0.27174477734468594,0.10491405252806368
factors,0.6232621980345029,0.18186720578522253,0.1948705961802745
limiting,0.6231093537016267,0.03840021350693689,0.3384904327914366
##ailed,0.6230017910116219,0.3158639916192477,0.06113421736913031
performs,0.6229352624050027,0.19643365320441986,0.18063108439057737
ministers,0.6224770134740844,0.14095829072767194,0.2365646957982438
##imo,0.622459272609522,0.052773658661182464,0.3247670687292955
brendan,0.6223451550808056,0.032247540628916334,0.3454073042902781
guided,0.6222569422784033,0.2816237715470008,0.09611928617459581
troubled,0.6220111508239617,0.049952987502001174,0.32803586167403703
battery,0.6218619135549988,0.19506740748595822,0.18307067895904305
##broken,0.6217189263637825,0.2860236028696619,0.09225747076655566
##wick,0.6215340714193162,0.16466118801908566,0.21380474056159818
##antes,0.6214111711998465,0.3058845449856966,0.07270428381445705
injection,0.6212156863339118,0.3551353658666732,0.023648947799415003
sk,0.621081263995408,0.17323324329100287,0.2056854927135893
ricky,0.621066989691505,0.06476214422170627,0.31417086608678874
river,0.6207453534351203,0.15447249449552036,0.22478215206935936
downloads,0.620495699064263,0.13493033557729617,0.24457396535844073
demonic,0.6203611704822789,0.11215029951179856,0.2674885300059226
prayed,0.6200715614014671,0.34606791081069566,0.03386052778783721
capability,0.619978007506525,0.3192469538711289,0.06077503862234606
##orin,0.6197117962067512,0.1496054544789958,0.23068274931425303
##nu,0.6196390425619668,0.18374614478426446,0.1966148126537688
unified,0.6195789765680917,0.1016618863040394,0.2787591371278689
passages,0.6194977008687937,0.1916350065860869,0.1888672925451193
slice,0.6191910535758183,0.21933116624700671,0.16147778017717493
##berry,0.618668834296037,0.28165571191207656,0.0996754537918864
skipped,0.6181664819620137,0.02263514570105537,0.3591983723369308
disruption,0.6180303161644459,0.08039129507810329,0.3015783887574508
implementation,0.6178923560984845,0.3482326307683332,0.03387501313318229
finalist,0.6173557566844462,0.2799206248433247,0.10272361847222913
babies,0.617224347319184,0.18179707347148372,0.20097857920933235
documenting,0.6170644553717914,0.03345307021560584,0.3494824744126027
randolph,0.6169848428831359,0.20129403697504367,0.18172112014182054
squeeze,0.6167337591947045,0.18678321493099223,0.1964830258743033
prowess,0.6166537355519907,0.28695061007945366,0.09639565436855568
gingerly,0.6165026181662621,0.23101823855430623,0.1524791432794318
praise,0.6163993220928484,0.182776726232677,0.20082395167447456
quote,0.61587004074812,0.0706666493096385,0.3134633099422414
reunite,0.6156681662786985,0.15666177788365013,0.22767005583765149
##formed,0.6155426239704608,0.17005119735615484,0.21440617867338432
baltimore,0.6153895490730902,0.1582025936317886,0.2264078572951212
view,0.6151739029057297,0.2630937440526648,0.12173235304160544
sac,0.6150928128968997,0.2034240011594581,0.18148318594364224
plague,0.6149778426058646,0.13722395756227673,0.24779819983185872
suspension,0.6146600376962891,0.3391087620374112,0.04623120026629978
306,0.6138340808858941,0.35887710905544346,0.027288810058662512
ash,0.6136676391980771,0.19426627138084462,0.1920660894210783
defined,0.6117065651427204,0.25048508112848417,0.13780835372879544
estimated,0.6111234590630481,0.20698808781036687,0.181888453126585
designation,0.6107000309068678,0.2796448343602947,0.10965513473283758
medalist,0.6104228211596365,0.319040540843841,0.07053663799652246
populous,0.6100804063531153,0.1220436400637791,0.2678759535831055
fiery,0.6097768497535326,0.23004269566314492,0.16018045458332247
papa,0.6094003867181337,0.13270772965931757,0.2578918836225488
jd,0.6091559732414813,0.21984815160709023,0.1709958751514284
roger,0.6090752049064828,0.07729134810124605,0.313633446992271
##of,0.6088703073373313,0.09801960779340589,0.2931100848692629
absurd,0.6088552305297441,0.2350074543238641,0.15613731514639181
pepper,0.6083389105785357,0.27286016474827807,0.11880092467318615
##bill,0.6080935021602,0.14975031326094884,0.24215618457885127
transparent,0.6080373374204704,0.012977925713121865,0.3789847368664077
pont,0.6079749951589505,0.10640479094679543,0.28562021389425424
barrier,0.6076371035210253,0.029667342668327334,0.36269555381064733
confidential,0.6074486353968748,0.009836340157459792,0.3827150244456654
##sper,0.6073954743215507,0.18500676330365992,0.20759776237478944
##ibe,0.6072992713496165,0.2795091419160305,0.11319158673435303
introducing,0.6071167506658462,0.19223911774786953,0.2006441315862842
##cript,0.6068326535632839,0.056685811428211004,0.33648153500850503
structure,0.6064469209988959,0.24329498636262953,0.1502580926384747
malley,0.6063382809118361,0.36504865204498077,0.028613067043183185
marginal,0.6062317385252785,0.12403290073685275,0.26973536073786863
calculation,0.6060650620631123,0.2650825408455874,0.12885239709130025
##lone,0.605469428202189,0.1964425939375235,0.19808797786028742
juan,0.6053504965169173,0.20822380417889258,0.18642569930419012
##sson,0.6050150030869501,0.37250167038422083,0.022483326528829006
##sy,0.6049294340576228,0.16232251476267667,0.23274805117970046
##zers,0.6048822537409039,0.21621188680132225,0.1789058594577738
##bus,0.6048759853181517,0.11978911311817972,0.27533490156366863
##dge,0.6048092242025289,0.2122998424187174,0.18289093337875367
negotiating,0.604668204063017,0.2532624035843771,0.14206939235260585
reversal,0.6043679551279459,0.26316542298319406,0.13246662188885994
##holder,0.6042402900141117,0.12478896986793035,0.27097074011795785
bela,0.6042375359117579,0.1487007208854377,0.2470617432028044
##ala,0.6038226473450885,0.24815894249143905,0.14801841016347259
climb,0.6037896544434066,0.3920516834893691,0.004158662067224282
reelected,0.6037385369442975,0.10798770286451681,0.2882737601911857
turkish,0.603723282560545,0.22840683956296925,0.1678698778764858
wallace,0.6034297993672599,0.2790623764739259,0.11750782415881413
149,0.6032963475317403,0.14204001887417692,0.2546636335940827
preparation,0.6030587789253863,0.0590359449585096,0.3379052761161041
##uo,0.6025091357507446,0.0790285463013911,0.31846231794786434
bilateral,0.6023582170522492,0.34436137901957814,0.053280403928172605
minor,0.6022464947917971,0.03747398108523106,0.3602795241229718
##ulating,0.6021896788373421,0.20140759297966834,0.19640272818298954
contributed,0.6021308792110243,0.29023571734960335,0.10763340343937229
recovering,0.6021095862308193,0.0805468404748338,0.31734357329434676
operative,0.6016639048195246,0.10259048654204812,0.29574560863842747
##bbing,0.6010019397108793,0.3258118587192231,0.07318620156989765
sir,0.6007745675646102,0.24872093618391658,0.15050449625147325
overlooked,0.6006908226023816,0.3309898864464397,0.06831929095117871
libre,0.6004641530646693,0.1594864945953756,0.24004935233995522
referencing,0.600436748778294,0.3959668532025114,0.003596398019194615
pact,0.6002552906776063,0.25233558211296125,0.14740912720943242
##hop,0.5999921158630764,0.07923163759210264,0.32077624654482095
seizure,0.5998409731789928,0.06749409989577672,0.33266492692523053
##yr,0.5998028871119654,0.1907260669793275,0.20947104590870697
object,0.5994309868307671,0.323943869694373,0.07662514347485994
mc,0.5993827352928738,0.20594437368451135,0.19467289102261495
experiencing,0.5988264115794747,0.3535388956707505,0.04763469274977476
louise,0.5987875302816803,0.3074840037381212,0.09372846598019838
##onate,0.5985766216655395,0.22892697304353987,0.1724964052909207
hired,0.5984987816646835,0.19763900831629921,0.2038622100190172
1894,0.5983973744560059,0.053440659234853916,0.34816196630914015
intrusion,0.5983726162919606,0.3690834497791432,0.03254393392889625
graduation,0.5982953691590384,0.1284728601772001,0.2732317706637614
alongside,0.5973034229466183,0.2676669555670973,0.1350296214862844
##sen,0.5972964467575194,0.28184571455876767,0.120857838683713
glasses,0.5970294146998878,0.0931396948550465,0.3098308904450656
timing,0.5969708104868966,0.16935144590500717,0.23367774360809632
brunswick,0.5965489383465139,0.3498507807207684,0.05360028093271764
ignoring,0.5965109733542174,0.22296513353264008,0.18052389311314254
ceremony,0.5964194889672995,0.1701595348723854,0.23342097616031504
##ido,0.5963074849347215,0.3617823015299029,0.041910213535375655
plurality,0.5957330675015742,0.11437654116828753,0.28989039133013833
descending,0.5957132157895364,0.16011445246004996,0.24417233175041356
contradiction,0.5955735092639689,0.3959198109394157,0.008506679796615443
##bla,0.5954871320663221,0.0604329025567806,0.34407996537689733
sb,0.5954684852331301,0.2683398334050343,0.13619168136183551
##tu,0.594858132630554,0.14893675297441739,0.2562051143950287
urgent,0.594838499419078,0.09590122902814502,0.30926027155277713
nhs,0.5947400217971585,0.3621026626664696,0.04315731553637198
roman,0.5946209527067254,0.2968666706957758,0.10851237659749868
sally,0.5945356079263074,0.30865454383029256,0.09680984824339992
harvey,0.5944556064960141,0.07800941429597083,0.32753497920801505
cigarette,0.5943230491029481,0.1970815430208823,0.2085954078761696
##nya,0.5942153500719655,0.25017322352534604,0.15561142640268855
ter,0.5941704949056303,0.23170214787141108,0.17412735722295838
episcopal,0.5939172239975313,0.14004248330295704,0.26604029269951157
conceal,0.5938521681455169,0.030480526608747085,0.375667305245736
joint,0.5933523354966708,0.25458808148003853,0.15205958302329067
drove,0.5933471606305271,0.17842568713415718,0.22822715223531578
discussing,0.5932238308908933,0.1568762482630491,0.24989992084605755
advised,0.5931260640657495,0.16026446122689253,0.24660947470735786
##kian,0.5931131341127375,0.022357338628939037,0.3845295272583234
hugs,0.5928906160952074,0.3171242002144358,0.08998518369035674
ultimately,0.592859193607155,0.2210270214044503,0.1861137849883947
museums,0.5927456356954665,0.34026187572065153,0.06699248858388197
##ces,0.5926918919531747,0.10635154526140102,0.3009565627854242
##ern,0.5926783698543329,0.1740793605840042,0.2332422695616629
