Word,left,center,right
##ath,0.9619088012021475,0.012447916742742553,0.025643282055110014
browns,0.9533320810855771,0.00973397399382167,0.036933944920601265
inevitable,0.9525697688211802,0.040758035194249066,0.006672195984570907
##block,0.9445767447485636,0.02469363542655305,0.030729619824883397
tourist,0.9363890958989222,0.00278545258619012,0.06082545151488747
uae,0.936264337305127,0.025345927690538866,0.038389735004334194
troubles,0.936098560091946,0.044910416328682326,0.018991023579371637
affirmative,0.935587125579919,8.823249947921315e-05,0.06432464192060192
wealth,0.9326373284975502,0.018586710426604106,0.0487759610758457
##rky,0.9269870056915293,0.07121616989087538,0.0017968244175953713
contingent,0.9196747802351126,0.009380102546089099,0.07094511721879819
##ados,0.9174450923451055,0.01096668594616936,0.07158822170872507
impacted,0.9160563132734393,0.004852354956315043,0.07909133177024581
##chison,0.9086261835486986,0.0540324233020838,0.037341393149217625
chess,0.9072306732794871,0.02362201136013829,0.06914731536037459
cardiovascular,0.9063686601410228,0.06248547122351005,0.031145868635467155
cove,0.9027210227497666,0.04973617291903877,0.0475428043311946
##cend,0.898328348356339,0.07261840906113662,0.029053242582524407
tray,0.8901475750308958,0.03924363360137803,0.0706087913677261
facial,0.8900791554849499,0.01877623288062746,0.09114461163442283
brazilian,0.8894169228520157,0.034053837561126364,0.076529239586858
examining,0.8878704615810438,0.10042615370596435,0.011703384712991823
##dar,0.8831117187407528,0.09322729952614722,0.023660981733100057
mausoleum,0.8751412181691905,0.09958651227275804,0.025272269558051442
##rted,0.8748681444049822,0.07777432817141239,0.04735752742360543
killers,0.87350166097822,0.003023461924435505,0.12347487709734455
wreckage,0.8732240269671169,0.051415496682111136,0.075360476350772
attribute,0.8680659860546885,0.12012566523876045,0.011808348706551076
sanctioned,0.8658885962811389,0.04063080628214914,0.09348059743671186
dipping,0.8655903892672487,0.015915614240615657,0.11849399649213566
spiral,0.8636400850728486,0.12488720633399497,0.01147270859315652
battled,0.86332031791325,0.022778989094063028,0.11390069299268685
fencing,0.8601272627295136,0.09563979727861766,0.04423293999186876
units,0.8598688425479158,0.011074951358329801,0.1290562060937544
joyce,0.8587655723393137,0.06453668839530552,0.07669773926538069
workforce,0.8582119193183455,0.08718194007311329,0.05460614060854129
sigh,0.8568409238168219,0.12243174814794518,0.02072732803523296
##imi,0.8530670031080051,0.052317067782653014,0.09461592910934184
fronts,0.8519507054300892,0.05421180592290251,0.09383748864700821
##ddy,0.8441621686101313,0.06162301898113466,0.09421481240873404
empirical,0.8438663518597695,0.03782765179018246,0.11830599635004813
hopefully,0.8436178984729552,0.11628674735517001,0.040095354171874674
tenth,0.8433962996483404,0.13775061521001758,0.018853085141642096
wielding,0.8420019950411755,0.0011334630216429421,0.15686454193718163
##roller,0.8418437528904142,0.08339233101259992,0.07476391609698582
nervous,0.8414790840080436,0.04995757761083011,0.1085633383811262
##udge,0.8395979008963543,0.09484285206954819,0.06555924703409757
680,0.8386579728543266,0.05937093440165703,0.10197109274401622
ivory,0.8368183818093512,0.040169732001123386,0.12301188618952541
ordering,0.8362599621599982,0.08042988538484755,0.08331015245515407
weaken,0.8360312304632261,0.15087421703258772,0.013094552504186174
##ople,0.8341394582760832,0.026373393636346193,0.1394871480875708
advocated,0.8306817846645477,0.16653579052968792,0.0027824248057643133
skepticism,0.8275771105568123,0.09438740058452696,0.07803548885866082
cruise,0.825452928077478,0.03767388927481526,0.13687318264770668
suspense,0.8247917924556283,0.1601885207587487,0.015019686785622923
1970,0.8237945102210654,0.10417170491176779,0.07203378486716669
##hab,0.8233867510509154,0.029007045232158944,0.14760620371692568
acceptable,0.8213852929088917,0.040788543979574765,0.13782616311153342
barefoot,0.8211741483501195,0.025524347862277506,0.15330150378760293
##cup,0.8207806515354802,0.10991286333678611,0.0693064851277338
##lat,0.8188601595633184,0.11695092046852937,0.0641889199681523
##ase,0.8154704532072886,0.061626177837110684,0.12290336895560068
provinces,0.8123355636616814,0.04762483348361585,0.14003960285470277
hesitant,0.8119891342808232,0.017756368875621785,0.17025449684355493
palm,0.8105018646261638,0.08275428653534754,0.10674384883848846
##ures,0.8098104945169792,0.15947165364711807,0.030717851835902723
safer,0.8072552594760217,0.14625671173628582,0.04648802878769243
##helm,0.8070404606225653,0.09790839772862737,0.09505114164880736
sprung,0.807039644207106,0.15419158874361083,0.03876876704928321
knot,0.806038092507051,0.09791396031725406,0.09604794717569483
criticised,0.8057009791725596,0.04044675365930434,0.15385226716813605
declining,0.8036148842700417,0.16803314344456752,0.028351972285390825
pushes,0.803151887070835,0.09339820486370125,0.10344990806546371
recruitment,0.8024804626914016,0.0936191618498939,0.10390037545870436
##pid,0.8013449855906993,0.11232278417013582,0.0863322302391648
formation,0.8007205976535419,0.14023332034712746,0.05904608199933069
positively,0.7996251200313476,0.020837498343814362,0.17953738162483796
sealing,0.7964205187733832,0.1684528902113852,0.0351265910152316
imperative,0.7948873865096654,0.12471748144765776,0.08039513204267697
enrollment,0.7925802663773387,0.20678694487146834,0.000632788751192872
thus,0.7925598526077705,0.18141478229104022,0.02602536510118909
licensing,0.7924260169148097,0.10017558160531724,0.10739840147987308
caught,0.7907397079342066,0.04251736477035216,0.1667429272954412
sabrina,0.790624159076969,0.08202656904874064,0.1273492718742903
dominates,0.7891049822172373,0.06831994815829667,0.1425750696244661
constituent,0.7889256473235817,0.005143919084653956,0.20593043359176427
entrepreneurs,0.7879013348476095,0.19017509650186057,0.021923568650529895
heating,0.7865922713549122,0.13715176175800112,0.07625596688708672
lynne,0.7846232873055178,0.2134237412479246,0.0019529714465574763
manor,0.7840651157597877,0.06225107477788846,0.15368380946232388
neighborhoods,0.7837212425085175,0.1471269202299745,0.06915183726150793
apartment,0.7835755852401028,0.1907623047661394,0.02566210999375767
appreciate,0.7833742714750551,0.04789154063705618,0.16873418788788866
socially,0.7826806640615581,0.11327524345428859,0.10404409248415326
notch,0.7825215369602485,0.19194124253356012,0.02553722050619131
dai,0.7822890169356742,0.20235089874044385,0.015360084323881956
kit,0.7822838830045742,0.11218211669033898,0.10553400030508692
contents,0.7809767813857621,0.19345540973450204,0.02556780887973592
surfer,0.7804430066086875,0.06425522257646422,0.15530177081484833
##ecure,0.7792418442554072,0.19280416846053436,0.027953987284058436
##lma,0.7791429792341749,0.10061090294484248,0.12024611782098284
unauthorized,0.7790938814945697,0.19348135548753798,0.02742476301789237
##sing,0.7771325579442969,0.06259086001982464,0.16027658203587858
spotted,0.7770262559515825,0.10890450831357214,0.11406923573484544
fairness,0.7764627411831986,0.020116840574575204,0.2034204182422263
restricted,0.7718327062142072,0.17697613531706455,0.05119115846872829
elites,0.7699245559013026,0.16997800675229388,0.06009743734640351
##yal,0.7694913950237113,0.030806453818786838,0.19970215115750178
nichols,0.7691030438119449,0.18150184651395534,0.04939510967409976
raymond,0.7690932411276602,0.05830196351000013,0.17260479536233977
adoption,0.7690908606787586,0.13809374409351252,0.0928153952277288
##backs,0.7690555222109601,0.2166396124754811,0.014304865313558908
levin,0.7684957400055287,0.004596561583189163,0.22690769841128233
marshall,0.7684857351293026,0.16746140113244654,0.06405286373825096
widening,0.7680310387152613,0.14053873146091012,0.09143022982382856
pet,0.7653674606120738,0.14362167101006967,0.09101086837785655
risky,0.7652400496794631,0.01035335185170246,0.22440659846883437
rim,0.7607145233744037,0.2188374779475599,0.020447998678036528
moldova,0.7600203483848883,0.021105124596220125,0.21887452701889154
##ull,0.7600019590639553,0.20775136338314673,0.03224667755289788
accountable,0.7579328804186048,0.06093047520677268,0.1811366443746224
poked,0.7571396909470146,0.18760770175289168,0.055252607300093806
##tens,0.7562436128925004,0.10400762642776555,0.13974876067973388
disputes,0.7561875973210005,0.006224944501588214,0.23758745817741125
187,0.7553948783007245,0.1879796797562543,0.056625441943021305
ao,0.7538692668385709,0.20684997692015494,0.039280756241274174
##jon,0.7534270057226615,0.09602979659037238,0.1505431976869661
fishing,0.7534250758439995,0.15620172890618012,0.09037319524982039
microscope,0.7524946468464233,0.13244191090347843,0.11506344225009814
diplomat,0.7511521377096093,0.178119006223627,0.07072885606676368
boosted,0.7507790337436014,0.0673806400524703,0.18184032620392826
turnover,0.7505555745901463,0.12361475111718663,0.12582967429266703
admiration,0.7493790712856583,0.24164461982996144,0.008976308884380248
exhaustion,0.7492076366447875,0.18590537600895873,0.06488698734625375
participating,0.7490821227152001,0.1333185926351877,0.11759928464961214
dominant,0.7489601495419947,0.13506351456064675,0.11597633589735848
expansive,0.7471151940157755,0.1368922673013161,0.11599253868290835
forms,0.7470293340062971,0.11231932598325264,0.14065134001045032
narrowing,0.7462997972036263,0.12945558945791077,0.124244613338463
dedicated,0.7452450894774884,0.04402812974070552,0.21072678078180607
tailor,0.7444639450918914,0.14056763193597055,0.114968422972138
agnes,0.743727561880669,0.15916381076503486,0.09710862735429608
ridge,0.7425719695953199,0.22121049936756693,0.036217531037113004
argument,0.7411219379322701,0.07705847612420166,0.18181958594352823
villa,0.7392563738049506,0.19025270486179854,0.07049092133325092
fia,0.7367157677802595,0.13821510930353645,0.12506912291620415
consortium,0.735949163459392,0.02756952108316463,0.23648131545744336
politician,0.7347167222015261,0.20984636704178236,0.05543691075669171
psychiatrist,0.733632851786304,0.03372057340703945,0.23264657480665643
meaningful,0.7303514400943704,0.21043973651065068,0.059208823394979036
##ctuated,0.7298877217010832,0.21147773381454157,0.05863454448437532
intellectual,0.7296284375301881,0.07998302355188111,0.19038853891793073
hanging,0.7294623061010943,0.15222928442698164,0.1183084094719241
merits,0.7293235594354295,0.18378294538397658,0.0868934951805939
brawl,0.7286738144190366,0.15474153199808507,0.11658465358287838
##tically,0.728600410628387,0.013985270301825241,0.2574143190697879
kay,0.7281463255635731,0.2200188756974148,0.051834798739012214
scientific,0.7280465883562707,0.07410914614298215,0.19784426550074727
incredibly,0.7273989872947572,0.026877340786385744,0.24572367191885708
reminded,0.7270935861936552,0.13173935389453417,0.1411670599118106
citations,0.7269404450317017,0.2004207946483421,0.07263876031995613
promo,0.7268693921309705,0.17526776530222207,0.0978628425668075
850,0.7256559227777615,0.041012032256302684,0.2333320449659359
mediterranean,0.7256444873623629,0.10114543745002569,0.17321007518761145
marxism,0.7245453520756916,0.033275526052545704,0.24217912187176263
eldest,0.7240299227960112,0.21928893810263564,0.05668113910135303
devastation,0.7238130315804505,0.013931017954378202,0.26225595046517125
strap,0.7236927060334002,0.08280603337216927,0.1935012605944306
##lter,0.7209429687370279,0.19844021228829692,0.08061681897467513
monument,0.7206237722827692,0.2769139652947284,0.0024622624225024243
acquire,0.7205069099851161,0.17038445692323995,0.10910863309164394
championed,0.7204824548500859,0.11143357135359715,0.16808397379631707
button,0.7200175859059059,0.25915820667587725,0.020824207418216775
03,0.7195750180876088,0.17886563649982096,0.10155934541257022
seattle,0.7181767551343133,0.13843017600269764,0.14339306886298897
utility,0.7175976496725602,0.27083090798747994,0.01157144233995978
woken,0.7175749630127043,0.16776185671993807,0.11466318026735758
3d,0.7152314438584134,0.12272662872001273,0.1620419274215738
domingo,0.715044299519865,0.139405124153766,0.14555057632636903
##lary,0.7149195695009515,0.11557330140413327,0.16950712909491528
handles,0.7127340709269108,0.27194148584043154,0.015324443232657681
leary,0.7098707436681809,0.2269309939266047,0.0631982624052143
##ob,0.7095147590354824,0.19364957438826863,0.09683566657624888
##eding,0.7094701649585303,0.04921080163679865,0.24131903340467117
forums,0.7091694792705454,0.08142624962972181,0.20940427109973275
shootout,0.7091157370456188,0.1695996686153114,0.12128459433906966
nationalists,0.7085247965869993,0.04596446698831036,0.24551073642469046
contrary,0.7080103732954269,0.12277590468908696,0.16921372201548618
polite,0.7079902437077827,0.15328189934455655,0.1387278569476608
##script,0.7078842395096188,0.2218328412002085,0.07028291929017272
bug,0.7071574596571901,0.2790300612411787,0.013812479101631182
##icate,0.7070365796596239,0.2088271824682575,0.0841362378721188
##oma,0.7067334399877078,0.07974496075264122,0.213521599259651
##time,0.7065436188467232,0.11961282366662132,0.17384355748665545
write,0.7053925538325008,0.10206654012964375,0.19254090603785537
compassion,0.7052620046696263,0.02989581647469736,0.2648421788556763
lacks,0.7046583018587922,0.04356942157356773,0.25177227656764006
evolving,0.7043443666324571,0.18530072250273708,0.11035491086480582
samoa,0.7037986439029377,0.005475449164891656,0.29072590693217054
##ncies,0.702349220278089,0.01855215058039991,0.2790986291415112
##frid,0.7015643533046311,0.29272303853288323,0.005712608162485627
1973,0.7014276413387389,0.09746711630607574,0.2011052423551853
ringing,0.7012367317416655,0.29534898569420365,0.0034142825641309367
##gar,0.7009226225260352,0.046723169933235394,0.2523542075407294
samantha,0.700127527568299,0.10813267381807465,0.19173979861362628
roanoke,0.6987609303112623,0.23360511514557752,0.06763395454316036
##hara,0.6980904138470927,0.16335942714676063,0.13855015900614653
distant,0.6976265367224139,0.11038517177755393,0.19198829150003213
realizing,0.6969362201040179,0.16684299597262303,0.13622078392335912
nikki,0.696679184094603,0.2715170165762669,0.03180379932913007
sunshine,0.6964268520618192,0.013336178042629388,0.29023696989555137
beauty,0.6959229388346603,0.007440977083169325,0.29663608408217035
persisted,0.6957201458259413,0.10400238745041623,0.20027746672364236
obsession,0.6948975267547992,0.2147285834325219,0.09037388981267892
narrowed,0.6942744745451834,0.032613318852032516,0.273112206602784
forgetting,0.6934029389666176,0.154362920322558,0.15223414071082436
invalid,0.6931990604151168,0.20113603935253963,0.10566490023234364
gonzales,0.6916798878067913,0.2589042125832659,0.049415899609942755
toured,0.6911967606542664,0.24036871981731572,0.06843451952841798
##bate,0.6907478238919501,0.06309228237504427,0.24615989373300556
spectacle,0.6906308690744769,0.12510614371881848,0.1842629872067046
shy,0.6903794066819956,0.14219595973939778,0.16742463357860668
doom,0.6901505041185831,0.10259989511085213,0.2072496007705648
weighs,0.6894983442979803,0.13902377059469628,0.1714778851073234
weighed,0.6890049974726096,0.27378288193695144,0.03721212059043897
barre,0.6883480917214359,0.27097201225322287,0.04067989602534132
tab,0.6877965153712615,0.21546601604010024,0.09673746858863826
rejoin,0.6863908113195007,0.11097327998775633,0.20263590869274298
deeper,0.6860334502709055,0.08199729124755789,0.23196925848153668
disappearing,0.6850237133315447,0.2928058331870138,0.022170453481441532
fascinating,0.684992943949941,0.16423724573798704,0.15076981031207196
clarity,0.6849128354300789,0.09463602579819805,0.22045113877172307
##pping,0.6838702129565454,0.16853874712300268,0.147591039920452
studied,0.6836721599704729,0.009075724599091037,0.307252115430436
northbound,0.6827223160296381,0.0592118712617246,0.25806581270863727
##ier,0.6819779584425792,0.2567206060408626,0.06130143551655814
hahn,0.6810799992195236,0.23872563897213384,0.08019436180834265
simulate,0.6805062723722218,0.24335654264338277,0.07613718498439541
selecting,0.6801897451036298,0.23138596843098513,0.08842428646538508
celebrates,0.679626005866937,0.17496093140718927,0.14541306272587376
devotion,0.6771937828829757,0.1165912725518561,0.20621494456516812
charitable,0.6767429214681537,0.25046904602560754,0.07278803250623855
adequate,0.6751830797672032,0.258678766244895,0.06613815398790167
inflated,0.6747102822016046,0.01803364758920317,0.30725607020919216
livestock,0.6744135506898128,0.12133501395787455,0.20425143535231272
assessments,0.6735077988704606,0.21262852441989927,0.11386367670964
stumble,0.6729071271740777,0.2758940632319405,0.05119880959398182
comrades,0.672298779569992,0.263011375300071,0.06468984512993704
slice,0.6720387102980389,0.3080139660496287,0.01994732365233242
patches,0.6712498012746543,0.2959194892147064,0.032830709510639246
relation,0.6694926933527593,0.20706042731739008,0.1234468793298507
90s,0.6679865288854036,0.028523408358166316,0.3034900627564301
vague,0.6677221311716708,0.3162793968991637,0.01599847192916546
tate,0.667557685813382,0.19133206902548552,0.14111024516113246
zee,0.6674599867580616,0.04863982034671102,0.2839001928952273
advertising,0.6673678808328505,0.1908177741697909,0.14181434499735843
hilary,0.6673495534520769,0.12245038580732388,0.2102000607405993
##uous,0.6673212307498618,0.14768430607282576,0.18499446317731247
##ache,0.667296978605372,0.2018618156883259,0.1308412057063022
gerry,0.6668245024174639,0.16113690701290687,0.17203859056962925
##gic,0.666565262314228,0.32034039968848044,0.013094337997291657
cereal,0.6663635533913579,0.08793617167933604,0.2457002749293061
outset,0.6655302706544637,0.14892032833964225,0.18554940100589415
appointment,0.6653131075164922,0.25761006620453775,0.07707682627897006
anderson,0.6651605052712376,0.1427422446259171,0.19209725010284534
tracing,0.6649029120180783,0.18121859724808173,0.15387849073384005
facilitate,0.6647677127690708,0.26426166975424314,0.0709706174766861
##mons,0.6645496475687277,0.07801656806688172,0.2574337843643907
fertile,0.664110275276411,0.12786689369197743,0.20802283103161162
730,0.6634781394110063,0.08256900041942031,0.2539528601695734
awoke,0.663408382686938,0.005715514910607582,0.3308761024024544
lately,0.663196166483587,0.29017479616183706,0.0466290373545759
mateo,0.6629497639711701,0.280137975484602,0.05691226054422779
bonnie,0.6627554433113915,0.08332695899643293,0.25391759769217565
contexts,0.6625955550426808,0.049559191357466024,0.2878452535998532
ape,0.6622401691948694,0.10044456796123755,0.23731526284389307
celebration,0.6618338983866376,0.010161266560523425,0.3280048350528389
dumped,0.6615454161930484,0.08777066739855646,0.25068391640839516
hating,0.6615184947295238,0.22650024180491019,0.1119812634655661
wendy,0.661365412273966,0.22241929918505482,0.1162152885409793
stanford,0.6611734833531615,0.30716743784599515,0.03165907880084334
fourteenth,0.6604528568234987,0.20434418250828296,0.13520296066821832
olympics,0.6596901348899555,0.04074903889322657,0.299560826216818
fits,0.6595841742877826,0.24374478837481806,0.09667103733739935
1993,0.6593530986267804,0.2284468947493362,0.11220000662388334
worrying,0.65934552475434,0.1213805231605551,0.21927395208510475
lame,0.6591411011993951,0.16203382650707757,0.17882507229352737
##erton,0.658818491272909,0.32967244556708536,0.011509063160005464
mercenaries,0.6580627727079169,0.32587681065842633,0.016060416633656788
##bn,0.6559999658568211,0.08436030138806708,0.2596397327551118
assignments,0.6553221535626457,0.2935518108215159,0.051126035615838415
readers,0.6550679449519552,0.16534862489705168,0.17958343015099315
logged,0.6549985231737421,0.24181705419494176,0.1031844226313162
eccentric,0.654307654648553,0.31211549795201954,0.03357684739942738
hero,0.6542050602006793,0.019893691198505755,0.325901248600815
scrapped,0.6541341017682885,0.07356597014184087,0.27229992808987064
secular,0.6539705007846947,0.14829538711539822,0.1977341120999072
conservation,0.6537178321246889,0.19608003195664725,0.1502021359186639
##mith,0.6536143633243839,0.2040094700112284,0.14237616666438757
doctor,0.653030031959708,0.16506570075833987,0.1819042672819522
beth,0.6526514931962346,0.16051360626785413,0.18683490053591123
##ride,0.6522812538976295,0.05324626899634212,0.2944724771060283
swallow,0.6512628103118521,0.15578452172223856,0.19295266796590926
mammals,0.6502389758624662,0.19095200342014276,0.15880902071739111
335,0.6498942744071936,0.01816400150244381,0.33194172409036243
##ash,0.6497984916633927,0.15637678168545668,0.19382472665115066
reserves,0.649490100092118,0.02506184433998035,0.32544805556790163
excluding,0.6492901929245382,0.16943712594507312,0.18127268113038875
commanders,0.6492317255624243,0.2753335062468691,0.0754347681907067
paranoid,0.6484154759369114,0.24841565974208682,0.10316886432100172
thoughtful,0.6484152944380464,0.1144474242010055,0.23713728136094822
##uing,0.6483092350063253,0.08832963251526789,0.26336113247840687
blast,0.6482576147587996,0.17171049686001877,0.18003188838118156
##lic,0.6478145216550114,0.22693450464145482,0.12525097370353389
lining,0.64778766996251,0.11923937254339632,0.23297295749409355
##res,0.6473291407814818,0.16768429281506264,0.18498656640345537
##sin,0.6471640535863106,0.17869641502414485,0.17413953138954455
222,0.6466766401951677,0.29503017576231155,0.0582931840425207
contradiction,0.6463708909891152,0.017502375779926537,0.33612673323095826
roads,0.6448501525769982,0.17838965268055898,0.1767601947424428
##ray,0.6446094268435686,0.14197189116198025,0.21341868199445113
loyalty,0.6445932553928687,0.04930961961453503,0.3060971249925962
tainted,0.6437595495522067,0.11333957664363781,0.24290087380415554
llc,0.6434613592011891,0.11048191691150067,0.24605672388731026
retreated,0.6434466847128029,0.13487224257269884,0.2216810727144984
bargaining,0.6432278987642867,0.28586997172568934,0.07090212951002398
pattern,0.6430297492806414,0.1294773290636144,0.22749292165574417
severity,0.6415880066744716,0.19826936540115625,0.16014262792437214
##arm,0.6411478818546988,0.20482554940260525,0.15402656874269582
##ras,0.6411171724248081,0.13796078379967833,0.2209220437755136
complaining,0.640642740523807,0.30284769125499045,0.05650956822120271
267,0.6404870930233196,0.2299660834470752,0.1295468235296051
##bin,0.6400178038490253,0.02517167918776908,0.3348105169632056
curtain,0.6398064020274133,0.08971100311609463,0.270482594856492
##lines,0.6394903553668685,0.3321409803434386,0.028368664289692844
brodie,0.6385935181111456,0.28147974246216606,0.07992673942668843
##valent,0.6385763206615622,0.08276240834022339,0.2786612709982144
cleaner,0.6383097852175743,0.013180620448315807,0.3485095943341099
thirty,0.6379320074138274,0.00014047199852263397,0.36192752058765
##master,0.6375721910441379,0.22265221265789112,0.1397755962979711
batch,0.6373236214916618,0.32752345462602933,0.03515292388230889
attracting,0.6371619113985425,0.23821025523973227,0.12462783336172525
circle,0.6361151685909733,0.09695806900795687,0.26692676240107
##national,0.6359227034567653,0.23428430649336685,0.1297929900498679
##bold,0.6359061883470634,0.3280363502806659,0.036057461372270824
busy,0.6355130850354923,0.15058843896138738,0.21389847600312026
2001,0.6354707725842687,0.20497139547680052,0.15955783193893094
##iman,0.6353137223752436,0.18484069013154109,0.17984558749321536
helmet,0.6352650103573092,0.060517975677027415,0.3042170139656636
coach,0.6350294305995916,0.1722110809859616,0.1927594884144468
hints,0.6348713678151656,0.12349384264910002,0.24163478953573433
ensured,0.6344301436253388,0.24487482169089553,0.12069503468376575
roland,0.6340692626919977,0.24725223179954495,0.11867850550845745
lashed,0.6335772872957842,0.15117159227427585,0.21525112042993993
brazil,0.633572778268182,0.24205014778313197,0.12437707394868594
frances,0.6334840526741531,0.05488249256236349,0.31163345476348336
collective,0.6334516539816704,0.3275685319935863,0.038979814024743334
conclusion,0.6331856780920284,0.12885563852220452,0.2379586833857671
arrow,0.6328950785556836,0.13735015100131326,0.22975477044300313
beliefs,0.6327108810335821,0.13513867197790472,0.23215044698851323
pitched,0.6326788567448741,0.11343654240491031,0.2538846008502157
##igate,0.6325044882253834,0.2851272151193193,0.08236829665529734
##ella,0.6318456104199819,0.09486141450836388,0.2732929750716542
linking,0.6315756029213692,0.21744763872736203,0.15097675835126884
eras,0.6312602955077846,0.24200731070362164,0.12673239378859377
practitioner,0.6310273782913498,0.32065223976092866,0.048320381947721695
modeling,0.6303117507333081,0.1688823844207479,0.200805864845944
motivated,0.630196162742056,0.1743511167039262,0.1954527205540177
awakening,0.6299684062952028,0.22559848011765454,0.14443311358714284
mort,0.6298886567184356,0.3129358046316962,0.05717553864986823
##ata,0.6297535319573389,0.3091831124669715,0.061063355575689655
consumption,0.6295441875053338,0.36650713349776426,0.003948678996901859
hale,0.6292036801924765,0.23897706225790244,0.13181925754962096
suspicious,0.6291834270496006,0.1208222448972832,0.24999432805311608
narrower,0.6291424731943687,0.09872641929206225,0.27213110751356895
perceived,0.628338244600564,0.22520777026089867,0.14645398513853747
overseeing,0.6280784606738539,0.25284469173592344,0.11907684759022265
playground,0.6278859094302618,0.017242382738240625,0.3548717078314977
sync,0.6272108536308186,0.22169828583615847,0.15109086053302304
considerably,0.6271722910166009,0.23783122927537137,0.1349964797080278
isolation,0.6269930198901708,0.23869622493598022,0.13431075517384902
##uis,0.6269058804161297,0.16202976395564173,0.2110643556282286
flare,0.6265709460319561,0.02267452941810269,0.35075452454994127
##icle,0.6264262336036879,0.2618156722515661,0.11175809414474604
rocking,0.6260967607059241,0.29747881855399366,0.07642442074008222
proceeds,0.6260343691729525,0.19408901930999684,0.17987661151705076
courageous,0.626016577681782,0.1189716015774604,0.25501182074075757
illustrating,0.6258397868613105,0.10712500663624294,0.2670352065024465
subsidies,0.6256208440557143,0.2015900189544673,0.17278913698981857
surfaces,0.6255775896415994,0.22462600156852688,0.1497964087898737
1989,0.625332292788635,0.011132170115022712,0.36353553709634223
commentators,0.6251464859529334,0.10255459629743761,0.2722989177496289
freely,0.625110389505322,0.05997223016054572,0.31491738033413225
ernst,0.6250367902280285,0.0029581817384897167,0.37200502803348173
##patient,0.6245067261889342,0.05789341251026479,0.317599861300801
fun,0.6241133356491423,0.06826052626888372,0.30762613808197387
breakfast,0.6240858809126458,0.26722123443687745,0.10869288465047668
tyson,0.6239867900812813,0.280424678789785,0.09558853112893356
meadows,0.623324314922212,0.26553587561454994,0.11113980946323813
flowers,0.6232930331281521,0.28541392992026016,0.09129303695158787
cock,0.6229607707242674,0.3215048353048839,0.0555343939708487
commonly,0.622581521960429,0.01958857133191539,0.35782990670765547
accepts,0.6225125653665565,0.14066178419808426,0.23682565043535933
##ada,0.6224928517938777,0.048100464072243145,0.32940668413387914
rosy,0.6221265415413088,0.21156057691629218,0.16631288154239907
autonomous,0.6216622531778894,0.22515151475411857,0.15318623206799203
##hat,0.6216059182519206,0.010285355345455483,0.368108726402624
##asse,0.6214536964153474,0.12955199787543406,0.24899430570921843
yan,0.6212130189513013,0.23048359467873342,0.14830338636996535
shu,0.6207549367141074,0.16747161549036027,0.2117734477955324
nail,0.6205968564636893,0.051131789529619144,0.32827135400669155
km,0.6204487006156576,0.23650795462046093,0.14304334476388167
##asian,0.6198268847179829,0.17791237509736335,0.20226074018465373
lucha,0.6192753525211973,0.33671943961942197,0.0440052078593808
shattered,0.6192460387399831,0.23377352156424291,0.14698043969577404
flowing,0.61880035856445,0.29100244805592146,0.09019719337962859
corps,0.6187023969693162,0.2081694054144148,0.17312819761626916
orange,0.6186927629955185,0.08439155634074032,0.29691568066374124
desert,0.6185464967957008,0.20385708442950742,0.17759641877479165
evil,0.6182282615728709,0.1246618501488102,0.25710988827831877
obsessed,0.6180791531264607,0.14029344969391877,0.24162739717962065
700,0.6180544717453992,0.09396558956545048,0.28797993868915034
intensity,0.6179787093656282,0.13092143520648397,0.2510998554278878
##ities,0.6177991160040398,0.3262160394735201,0.055984844522440076
##scribe,0.6177228539015971,0.2897083970147429,0.09256874908365996
pic,0.6176625316606564,0.2825419827258191,0.09979548561352439
tighter,0.6171442150677032,0.24238016383633093,0.14047562109596579
mode,0.6168476000420173,0.07369839798466254,0.30945400197332024
cartoonist,0.6166022493208646,0.22355810545657281,0.1598396452225627
exceeds,0.6163338946031258,0.20755883800020464,0.17610726739666968
evacuate,0.6158351353308278,0.31733108050406,0.06683378416511221
flirting,0.6158276846072039,0.21640004492954626,0.16777227046324983
unanimous,0.6157841932343618,0.3691992317661397,0.015016574999498569
hat,0.6155160516260787,0.07118582349944572,0.31329812487447545
divorce,0.6144256306547181,0.07771604393801558,0.3078583254072663
actress,0.6137508802934472,0.2936905317607785,0.09255858794577433
manage,0.6135681847644353,0.34193203834961694,0.044499776885947695
encounters,0.6135445526470219,0.30653869453681853,0.07991675281615966
depends,0.6134517749288537,0.09023098584781962,0.29631723922332665
abd,0.6130533569754567,0.2118802714116662,0.17506637161287703
extensively,0.6128323953323683,0.21892987852545412,0.1682377261421776
fei,0.6128141964926964,0.31844451902144755,0.06874128448585612
cage,0.6126609063706215,0.05823951443123403,0.3290995791981445
maxwell,0.6125488326689991,0.23715269730736113,0.15029847002363966
believer,0.6123263793000132,0.3763994380577747,0.01127418264221198
propelled,0.6122347656806743,0.1533866066698673,0.23437862764945844
innovation,0.6118410863764046,0.3324903644390592,0.055668549184536356
lessons,0.6116625644482556,0.17529924682316222,0.21303818872858213
##jet,0.6116492224117341,0.3514762690165439,0.03687450857172198
medicare,0.6114931537270936,0.3288570711262087,0.059649775146697816
bottom,0.6114190609933369,0.2548383991909461,0.1337425398157171
##ffled,0.611377634490429,0.23233624216276905,0.15628612334680195
compelling,0.6110459698687924,0.28725237426741546,0.10170165586379201
kimberly,0.6105677364036644,0.34638947156166383,0.04304279203467169
reacted,0.6105208202019775,0.2790671218164497,0.11041205798157283
05,0.6104709428847941,0.24642999771838137,0.14309905939682452
indicating,0.6102624632588086,0.040871078936655064,0.3488664578045364
##owski,0.6101136443339615,0.16536102480409845,0.22452533086194013
molly,0.6098350259754796,0.10597541013708214,0.2841895638874382
finish,0.6097382183110988,0.20357842895180417,0.1866833527370971
119,0.6095292510862904,0.15656097862436255,0.2339097702893471
varying,0.6089773584840993,0.18505428883023756,0.2059683526856631
operated,0.608816911947485,0.0620837818451532,0.3290993062073618
cope,0.6085752900327741,0.13253648998040207,0.25888821998682376
parliamentary,0.6080675506844332,0.35960962668493063,0.032322822630636246
pal,0.6075996962699339,0.255376356450602,0.137023947279464
types,0.6075420370065008,0.3779535656959824,0.01450439729751677
react,0.607518559615375,0.24338777863848363,0.1490936617461412
neutral,0.6074048375412268,0.23190912854199913,0.16068603391677408
sacrifice,0.6072814182446447,0.19423822458329476,0.1984803571720605
participated,0.6071553482211475,0.30863187206824916,0.0842127797106033
root,0.6071223504191877,0.049335495301319275,0.34354215427949303
##oof,0.6070726343405056,0.11825011743749139,0.274677248222003
comparison,0.6069146895482805,0.29250789774174574,0.10057741270997372
##omp,0.6068008591171316,0.05617594163996411,0.33702319924290436
hungary,0.6067680093911706,0.08047192084739438,0.3127600697614351
variations,0.6067433924782473,0.2526966500798877,0.1405599574418651
##dom,0.606371713675392,0.07343744864053177,0.3201908376840762
matching,0.6059398461562683,0.0645149969868453,0.32954515685688646
qualities,0.6055720275736101,0.04125097558139002,0.35317699684499987
##iness,0.6055051779881061,0.07182726502258101,0.3226675569893129
export,0.6054242870022087,0.37756889892450296,0.017006814073288332
specified,0.605421563061965,0.3223223704176033,0.07225606652043165
explained,0.6048180862172455,0.18480892012088393,0.21037299366187046
resembling,0.6047988822381211,0.1537473877801269,0.241453729981752
##zh,0.6045483544959813,0.05107971597466352,0.3443719295293551
eun,0.60415947149133,0.02439323937025662,0.37144728913841346
##uit,0.6040201588925034,0.2686581653776397,0.12732167572985711
blessing,0.6037186315612666,0.03179837638775851,0.3644829920509749
peg,0.6034716444087315,0.09961205457711761,0.296916301014151
counselor,0.6033401958547414,0.09175100764979136,0.30490879649546715
comparable,0.6028037824257616,0.23166880267389775,0.16552741490034065
##cock,0.6026262297920068,0.140937158436371,0.25643661177162214
willingness,0.6022915260745353,0.01607084021048283,0.3816376337149818
raged,0.6022349470250294,0.30968909485075774,0.08807595812421283
fork,0.6019143365724192,0.09367919659668271,0.3044064668308981
intensely,0.6018998900336754,0.3673166347886166,0.030783475177708103
referred,0.6016335779185571,0.11693597663290804,0.2814304454485348
resisted,0.6012915023550897,0.3279750164402439,0.07073348120466647
organizers,0.60123610690993,0.13345902573629964,0.2653048673537704
tasked,0.6010053729206651,0.20231500804677213,0.1966796190325629
rifles,0.6007207904331009,0.38628019312365336,0.01299901644324573
valued,0.600475480389338,0.2272901020894465,0.1722344175212155
bottle,0.6002660205702424,0.3879584318246877,0.011775547605069962
##turing,0.5998584910878095,0.2909249017057691,0.10921660720642125
##lean,0.5998565976101229,0.379261779160698,0.02088162322917917
entertaining,0.5995243519990482,0.11938419463718146,0.2810914533637703
sponsor,0.5990321325115644,0.1593517413459713,0.24161612614246428
jo,0.5989588484926768,0.10105676957263886,0.2999843819346844
gorilla,0.5985288361558588,0.31100981690952517,0.09046134693461601
cautious,0.5984366412011587,0.29895588042977994,0.10260747836906149
##yas,0.5983622793145131,0.06566457136200722,0.33597314932347966
blah,0.5982883487136365,0.1919898925450341,0.20972175874132953
trio,0.598256826554708,0.20967305588110585,0.19207011756418615
budgets,0.598193261500287,0.3632841114389302,0.03852262706078282
##zen,0.5980774759443878,0.1148106458556836,0.28711187819992867
volunteer,0.5980403540036239,0.2526706500990632,0.149288995897313
greece,0.5970772282497747,0.20708720225013091,0.19583556950009431
imperial,0.5967862738693418,0.32488092311505795,0.0783328030156002
shutter,0.5966707310034877,0.28261887137397673,0.12071039762253573
pp,0.5964409182324842,0.2984430592265723,0.10511602254094328
analytics,0.5963615580004067,0.3467509850497342,0.056887456949858924
invite,0.5962798741310676,0.13964420353035867,0.2640759223385737
cramer,0.5960406660407378,0.2175659087590183,0.18639342520024396
##dden,0.5957768949013743,0.20493166496784898,0.19929144013077676
proclaimed,0.5957381078994667,0.2040717442898283,0.20019014781070496
##bly,0.5956029278751914,0.31559251772965174,0.08880455439515685
che,0.595573938348138,0.3888275569990053,0.015598504652856742
operate,0.5955352573279057,0.28205860837938984,0.12240613429270453
writers,0.5954253090554146,0.24515613748150877,0.1594185534630766
methods,0.594915945841365,0.3295541309578201,0.07552992320081492
##din,0.594866632245554,0.3112110662486152,0.0939223015058307
tackle,0.5945885142692656,0.022763712849394442,0.38264777288133994
##fus,0.5945761485612662,0.3412942640822118,0.06412958735652206
219,0.5941106197995093,0.39646935623918395,0.009420023961306668
humble,0.5939151825145819,0.25031456186223366,0.15577025562318447
jose,0.5938805499069915,0.14637540893369205,0.25974404115931643
##apple,0.5938652723877945,0.23848496892715915,0.16764975868504634
preservation,0.5935337471722283,0.16149337276714895,0.2449728800606228
sioux,0.5934512512528228,0.3588754930945192,0.047673255652657995
espionage,0.5932079055611172,0.2099779840583904,0.19681411038049232
bloc,0.5932024173968323,0.06044246924605785,0.3463551133571097
jeans,0.592761559584851,0.3187775897785426,0.08846085063660641
accurately,0.5927589432293341,0.3320577250895603,0.07518333168110573
darren,0.5926562377852279,0.3612553784360267,0.046088383778745405
worry,0.5926236191883205,0.06110178993046892,0.3462745908812105
feature,0.5926078624989927,0.2725869529922982,0.13480518450870924
adopt,0.5923740394482286,0.2651075018622543,0.14251845868951704
cora,0.5921710053143414,0.225019404594184,0.1828095900914746
consolidate,0.591876501303438,0.12516199947328582,0.28296149922327607
orr,0.5918638015300798,0.09173651875467378,0.3163996797152465
firmly,0.5918460635789435,0.3150551187028131,0.09309881771824324
erin,0.5914754793113691,0.2615875935399156,0.1469369271487153
infused,0.5914145257424724,0.23743027837144415,0.17115519588608333
barry,0.5912532239201004,0.10643575096453702,0.3023110251153626
pa,0.5910205134976432,0.23060961236380567,0.1783698741385511
##not,0.590987350864045,0.3542133056828951,0.05479934345305994
regard,0.5908111760855185,0.16012978596775232,0.24905903794672904
lodging,0.5903574331795745,0.40368390322462405,0.005958663595801483
##chers,0.5903380011089623,0.33917391905162475,0.07048807983941299
dustin,0.5891685052066052,0.17454026216530077,0.2362912326280939
swat,0.5884139680936773,0.12116038033102983,0.29042565157529276
brunswick,0.5883663607771098,0.15204009227958662,0.25959354694330367
##tas,0.5883648504183586,0.16103497537157585,0.2506001742100655
initiatives,0.5882683047520079,0.15250055445203475,0.25923114079595744
stole,0.5880364943075475,0.23309766866756396,0.17886583702488856
##ishing,0.587840392408864,0.30983032279602757,0.10232928479510837
smoothly,0.5875705758016331,0.0011218368843022332,0.41130758731406475
agra,0.5874826814692187,0.16702550419429038,0.24549181433649103
##bre,0.5874027360526364,0.28934098323387103,0.12325628071349248
magazine,0.5873673069497585,0.19610105427387378,0.21653163877636783
entitled,0.5873623416715053,0.37897599901288137,0.03366165931561345
##iring,0.5869320655851135,0.2210783279334707,0.1919896064814157
##list,0.5868226928874739,0.09412116612531189,0.31905614098721424
fu,0.586763349252924,0.27757121289019127,0.13566543785688473
pairs,0.5863859617931629,0.02304941031130721,0.39056462789552976
valid,0.5858921516950399,0.32368634554518444,0.09042150275977553
poor,0.5855788640568448,0.21835294061261087,0.19606819533054443
tan,0.5852466554900392,0.21478676886366024,0.19996657564630044
drag,0.5851663803294549,0.13953294237397826,0.27530067729656676
nominations,0.5851569507216944,0.05935881292519175,0.35548423635311377
idiots,0.585018423264736,0.33205709982043835,0.08292447691482557
outnumbered,0.584925754944943,0.1934938718276019,0.22158037322745505
meter,0.5847465579743865,0.22441449157120014,0.1908389504544135
discontent,0.5846100621101962,0.10961025271776803,0.3057796851720358
lend,0.5844080037534337,0.20179136020302146,0.21380063604354485
outspoken,0.5843191551603725,0.10601820049403644,0.30966264434559104
accomplish,0.5840837881715677,0.08102060394346267,0.3348956078849697
edged,0.5840819708791691,0.17920019785497399,0.23671783126585677
fitting,0.5839811823839612,0.06868792087748075,0.34733089673855805
fists,0.5839698150906515,0.31542434577418305,0.10060583913516545
##im,0.5839446953177562,0.27214187224415964,0.14391343243808416
limited,0.5838928315562706,0.1338017741207801,0.2823053943229494
##ctic,0.5838620413060703,0.3242275881068898,0.09191037058703999
ollie,0.5830642592073798,0.13240777960114594,0.28452796119147433
unchanged,0.5829586527553444,0.14529355404727598,0.2717477931973797
stealth,0.5823861455046608,0.30307830236088273,0.11453555213445646
twin,0.5823219386093131,0.03366984063023529,0.3840082207604516
##iv,0.5820983764113283,0.25590330174997333,0.16199832183869842
location,0.582052321223676,0.380653391735758,0.03729428704056603
bbc,0.5817619449076451,0.26770788100452464,0.15053017408783034
