Word,left,center,right
##gle,0.975364830275843,0.003805013511219396,0.02083015621293758
supposedly,0.9673251357922018,0.012903112588298009,0.01977175161950012
transitions,0.9561258808982723,0.008952434213020439,0.0349216848887072
hollis,0.9543371643420104,0.04106106792708802,0.004601767730901365
##moor,0.9540600508236221,0.03128986489452579,0.014650084281852169
willingly,0.9492224861991683,0.04077304794222185,0.010004465858609993
rf,0.9382052195384198,0.03934468144182398,0.02245009901975631
corporation,0.9332982518965977,0.02298441755544994,0.04371733054795221
nicole,0.9291712631041106,0.04200666177790341,0.02882207511798612
menacing,0.9289835408661985,0.06551738051450112,0.005499078619300356
##gnan,0.9187545868601299,0.007267172801060808,0.07397824033880926
distributing,0.9123765476398908,0.012878807534325984,0.0747446448257833
tired,0.9061810166176002,0.0011680593039735138,0.0926509240784262
armies,0.9043079807747385,0.036508507986275175,0.05918351123898637
bloc,0.8995277332419791,0.011712902814911882,0.08875936394310892
dal,0.8982876276966875,0.09430621795429112,0.007406154349021428
stack,0.8937031662635497,0.08958657408390651,0.016710259652543726
##patient,0.884453073427473,0.04099907555357438,0.07454785101895268
90s,0.8826151948962979,0.11414337107767943,0.0032414340260227986
slice,0.8818808590293641,0.08012345792984296,0.0379956830407929
colleges,0.8788268988167616,0.046063776209744355,0.07510932497349405
beast,0.8773883029128249,0.015713851789143807,0.10689784529803133
lund,0.874916186668327,0.01586864147079671,0.1092151718608763
functioning,0.8740891597296255,0.12576713264151007,0.00014370762886440795
posture,0.8730083455523784,0.11491763519602867,0.012074019251592941
relies,0.8723804284903509,0.03060902049212159,0.09701055101752752
commons,0.8721337128395609,0.07845849147003882,0.04940779569040026
barefoot,0.8708967945575404,0.054498305277434524,0.07460490016502509
accelerate,0.8699578848296049,0.10566220850438125,0.024379906666013775
##kis,0.869886089278989,0.024197345324246534,0.10591656539676446
creditors,0.8693514138373974,0.0400338401781406,0.09061474598446206
batch,0.8662252290759386,0.014306943065321966,0.11946782785873933
analyst,0.8647976376340344,0.10809408614734194,0.027108276218623707
##lus,0.864303050618789,0.10998983295291098,0.0257071164283001
qualities,0.8606281810027354,0.10310463596604072,0.03626718303122395
fitness,0.8602228720523429,0.007929547442621948,0.13184758050503517
islam,0.854627337455082,0.05742276711228793,0.08794989543262999
##ming,0.8524538793349806,0.1431147980088841,0.004431322656135169
gabriel,0.8498860751645704,0.08793263328239405,0.06218129155303552
liberty,0.8497462478940317,0.07650169330130095,0.07375205880466737
coupled,0.8484054714848949,0.12867289529472395,0.02292163322038103
##drop,0.8433185546918914,0.015724143831220262,0.1409573014768884
separately,0.8421068550900704,0.016849265730727994,0.14104387917920147
##ressed,0.8415810271756343,0.04091507318232873,0.11750389964203704
breaker,0.8412344846389285,0.020125565328398456,0.13863995003267304
##not,0.8405145744311789,0.006579007925921167,0.1529064176429
considerably,0.8357937645620441,0.04004747627815878,0.12415875915979713
advertisements,0.8349474163473207,0.11751539896594064,0.04753718468673863
significantly,0.8327684334700584,0.12958291649922332,0.037648650030718364
waterway,0.8283694958390646,0.04236451168767114,0.12926599247326426
##lp,0.8271949213012294,0.1666873774893117,0.006117701209458822
occupational,0.824819073504169,0.015956222431231265,0.1592247040645996
principles,0.8223674614708603,0.09746956266418262,0.080162975864957
binds,0.8220068718597668,0.06675900366906315,0.11123412447117006
chapter,0.8216125348449902,0.011200069649948475,0.16718739550506143
chairs,0.8193692332481776,0.14482985026436765,0.03580091648745477
jai,0.8187671575396688,0.17782678632545434,0.00340605613487673
obstacle,0.8173110507719573,0.17874057010602043,0.003948379122022037
establishments,0.8169540504622567,0.006311143525169729,0.17673480601257366
timothy,0.8166999174388762,0.02124526247692181,0.16205482008420205
fifty,0.8151789734823939,0.01281618223312607,0.17200484428448012
leagues,0.8108923863631524,0.07995125253356597,0.10915636110328168
##mental,0.8099887313145063,0.08757697779942589,0.10243429088606788
63,0.8093005446046051,0.01921822763116222,0.1714812277642326
reunited,0.8075432214453736,0.11862133938312801,0.07383543917149854
assign,0.8068478473605221,0.16533058672550144,0.02782156591397638
##frid,0.8039946287623101,0.08764382211079111,0.10836154912689884
##ix,0.8024076080835428,0.07758536097147613,0.12000703094498102
##acious,0.8007520419914317,0.11873559837907009,0.08051235962949825
lands,0.8007385556444475,0.062370773845913115,0.1368906705096394
outnumbered,0.7978544991927009,0.13396665097248645,0.0681788498348126
##bert,0.7972297793792814,0.13998823728226129,0.06278198333845739
##bill,0.7957846390320044,0.18574887718653021,0.01846648378146534
##fixed,0.7957826242363153,0.18910145639866494,0.015115919365019688
pleas,0.7934530865746011,0.009912491435627543,0.19663442198977146
spraying,0.7914295318963604,0.03155999739753056,0.17701047070610906
##vus,0.7901826254536932,0.036374618204088424,0.1734427563422184
trapped,0.7901212073014908,0.12109580163947013,0.08878299105903902
containers,0.7889614330420326,0.1126347885577751,0.09840377840019238
seville,0.7876464069614577,0.012304729120089146,0.20004886391845325
therefore,0.7827637724606177,0.11537323675105698,0.1018629907883253
dinners,0.7820815929539824,0.018762732716621548,0.1991556743293961
rocky,0.78191547992439,0.16558095445736823,0.05250356561824168
trained,0.7813008331650814,0.03213997793109129,0.18655918890382744
shadow,0.7809411672684141,0.1641293563394045,0.05492947639218136
diplomats,0.7807758828960377,0.19385734727025772,0.0253667698337047
masters,0.7790432417106059,0.06002528136128021,0.16093147692811396
xi,0.777890214154373,0.09767109832993938,0.12443868751568772
##rating,0.7757393579311433,0.12308756634261465,0.10117307572624208
screen,0.774693179035887,0.2206815420946553,0.00462527886945766
##hoot,0.7732236426273609,0.09696773999868628,0.12980861737395297
variations,0.7714620291383852,0.1765289782227819,0.052008992638832824
capabilities,0.7707056369362355,0.14420895413709592,0.0850854089266685
##dication,0.7699391796286384,0.059818556408414915,0.17024226396294673
disappearing,0.7694382614457375,0.16375183255996487,0.06680990599429783
erie,0.769272216199279,0.19876578713670265,0.03196199666401834
verified,0.7690770609632347,0.18580277305381782,0.04512016598294746
##uance,0.7684928179446895,0.09037260819964574,0.14113457385566475
technician,0.7681222743767773,0.14223676142051775,0.08964096420270501
contemplating,0.7678590862735641,0.0007643202521898628,0.231376593474246
che,0.7675756137763842,0.18276123374048753,0.04966315248312838
tumble,0.7659395563189048,0.1852602299665578,0.04880021371453736
greens,0.765774275453563,0.14411249463862066,0.0901132299078164
horrific,0.7651653748599346,0.18335104815302916,0.05148357698703615
01,0.7650548109764714,0.03848734218222482,0.19645784684130363
tickets,0.7647937354302194,0.18633397716486055,0.048872287404919945
##rys,0.7632651674371256,0.08944610015911951,0.14728873240375487
ali,0.7628063077449206,0.10045641550257901,0.13673727675250041
exhaustion,0.762216527127116,0.1901710420366321,0.047612430836252016
designate,0.7621292848408684,0.1030074267139102,0.13486328844522155
wright,0.7617325892963306,0.026947202374921615,0.21132020832874776
diane,0.7608336499729493,0.06405993340350642,0.1751064166235442
axes,0.760433895967451,0.1852505856973218,0.05431551833522709
walt,0.7593759117635579,0.11158691119112647,0.12903717704531556
helmet,0.7592126073136054,0.23286169255502237,0.007925700131372214
##ners,0.758242700335987,0.06258331860752081,0.1791739810564922
##cht,0.7579986989607966,0.08513952916365362,0.15686177187554978
appropriately,0.7578827502560355,0.1995589385207779,0.04255831122318662
signatures,0.75735413192759,0.0032013000699310733,0.2394445680024789
stout,0.7536442661465885,0.1329475291046012,0.11340820474881028
ensuring,0.7527565909335927,0.13263152659221342,0.11461188247419375
1858,0.7520824199136101,0.04087074220978785,0.20704683787660208
generic,0.7517250671087317,0.08376067593954188,0.16451425695172642
munich,0.751324961996133,0.23631422670601773,0.012360811297849255
egyptian,0.7502345875869518,0.05798428575162937,0.19178112666141878
##az,0.7487179420615746,0.2152992567688312,0.035982801169594285
##tma,0.7482727983456678,0.028244399680524328,0.22348280197380777
declining,0.7481958953605763,0.02795045109642724,0.22385365354299647
fallon,0.74690630939992,0.09939611421445164,0.1536975763856283
kristen,0.7466537562424851,0.1076328194063408,0.14571342435117396
librarian,0.7461479258665111,0.027885627579357412,0.22596644655413156
ring,0.7453993922621694,0.16353023359547328,0.09107037414235727
knowing,0.7452191337745083,0.19316395010041268,0.06161691612507908
simulate,0.7440795844125694,0.01963558965364356,0.23628482593378713
crescent,0.743602609619906,0.1533424896555871,0.1030549007245069
##org,0.7434191420674048,0.02921750045397867,0.22736335747861652
rigged,0.7430309630897086,0.13814780074376498,0.11882123616652643
null,0.7430194349473906,0.04149357918634241,0.21548698586626697
catalina,0.7428828373547615,0.07827009473414522,0.17884706791109328
deploy,0.7421611306931732,0.0034712419279296384,0.2543676273788971
documenting,0.741794005243549,0.05711929343930925,0.2010867013171417
annexation,0.7412797258288047,0.2519831179870867,0.0067371561841084796
acute,0.7403792407266601,0.212791860038522,0.04682889923481797
units,0.7380296620875633,0.04984440845448946,0.21212592945794728
revelations,0.7377614289226166,0.15178213622795658,0.11045643484942685
cigar,0.7376565222894753,0.07590119251037918,0.18644228520014547
commissioners,0.7369486215110721,0.14105197849653198,0.12199939999239609
reclaim,0.7365536021320158,0.08450638531535716,0.17894001255262706
##rent,0.7361876171786981,0.03312481557427624,0.23068756724702577
##hal,0.7357069533682653,0.07987609207055975,0.184416954561175
bertrand,0.7355577165308936,0.12838113173455343,0.1360611517345529
##ures,0.7342536101504218,0.052066164165035275,0.21368022568454287
##rove,0.7333888226880957,0.10326589906924624,0.16334527824265807
zee,0.733335173400636,0.21879150203288938,0.04787332456647465
commander,0.732943020849578,0.09704015078853133,0.17001682836189064
legion,0.7321418392557147,0.012356610803094185,0.255501549941191
midwest,0.7319533070790852,0.2476190340870843,0.020427658833830294
salmon,0.73113558562773,0.035677126521394875,0.2331872878508751
innovation,0.730939976477018,0.24535060794522714,0.023709415577754914
journalism,0.7309309113239247,0.024336923397606725,0.2447321652784685
##ick,0.7305958114737026,0.07056740424940137,0.198836784276896
blink,0.7301700407492476,0.1381412144242539,0.13168874482649837
betting,0.7297367746077802,0.10053669898366675,0.16972652640855312
##fighter,0.729630368412181,0.14369167517386,0.12667795641395901
bros,0.7295555177295111,0.11348569280851513,0.15695878946197378
shatter,0.728503108795002,0.024838068051914814,0.2466588231530832
eleven,0.7282990165786918,0.253904503237338,0.017796480183970148
##block,0.7267750984471654,0.2158030189396801,0.05742188261315457
sequel,0.726389848900501,0.15365241834440055,0.11995773275509847
arrive,0.7254646737778838,0.14166835303914158,0.1328669731829746
varying,0.7254010788585299,0.07668807264927663,0.19791084849219348
expressions,0.7247161501445378,0.0027206376852556995,0.27256321217020657
##ocation,0.7245590551310689,0.2126151789590946,0.06282576590983639
##iled,0.7245113388026816,0.12190384125741864,0.15358481993989975
woodstock,0.7240929066074409,0.012283856694138841,0.26362323669842036
info,0.7240587890557194,0.15134923474651837,0.12459197619776223
porto,0.722403415518027,0.19501269833248083,0.08258388614949218
1990,0.7218980170016835,0.17236077935282604,0.10574120364549028
belly,0.7217251633828728,0.20550168320724996,0.07277315340987729
##sive,0.7196587072722315,0.27959939630271163,0.000741896425056899
lax,0.7195912519851843,0.14243422011697704,0.13797452789783857
guarantees,0.7189885861119334,0.24485483507615516,0.036156578811911554
tex,0.7187054974890797,0.15418785276054295,0.1271066497503773
graphics,0.7183875143169053,0.2043101719827035,0.07730231370039113
embarked,0.7154283276574696,0.13817810377936762,0.14639356856316282
archdiocese,0.7149667933740378,0.17163574850617644,0.11339745811978584
backbone,0.7146127310370889,0.023110898898566556,0.26227637006434446
acc,0.7133466701199369,0.15579422985426558,0.13085910002579743
hut,0.7129470715721347,0.17314015638350652,0.11391277204435873
##hd,0.7120569494688728,0.10473907703398627,0.18320397349714104
sioux,0.7117022640370236,0.24988092979068866,0.03841680617228768
holdings,0.711533867161245,0.05372781331849953,0.23473831952025537
armored,0.7105383718612548,0.15892031456233266,0.13054131357641266
score,0.7103374009997118,0.23537046039525014,0.054292138605038294
malice,0.7091860068512263,0.2510137049583,0.03980028819047361
narrower,0.7073374358372828,0.21340178287553516,0.07926078128718206
tenants,0.7070018444621156,0.2695541861685093,0.023443969369375237
jack,0.7053039682585587,0.05840216561925713,0.23629386612218414
borrowed,0.7052082112389705,0.17522181060818073,0.11956997815284881
afrikaans,0.7047024801036756,0.1843534106004456,0.1109441092958788
##ark,0.7043629879740025,0.08442177023596614,0.21121524179003134
kurt,0.704313007531258,0.22950058421772412,0.06618640825101764
dive,0.7037386494219924,0.05893698001920731,0.23732437055880035
divers,0.7036252299232034,0.10866944627845458,0.18770532379834207
amounted,0.7035767689696052,0.0179567413819208,0.2784664896484741
benny,0.7024115620771278,0.2044642430080164,0.09312419491485573
##sions,0.7018955916184866,0.1661346425041125,0.13196976587740092
airspace,0.7016003367379857,0.03972391236514608,0.2586757508968683
portrayal,0.7015838061817686,0.045734758876527684,0.25268143494170353
proximity,0.7012364381263223,0.19183092414400463,0.106932637729673
complications,0.7009978733993556,0.12583942003669293,0.17316270656395147
assassin,0.7007734858614212,0.012303297804471392,0.28692321633410733
intentions,0.700354451894237,0.14772613017199876,0.15191941793376434
booming,0.7002264277807672,0.1266178720648242,0.17315570015440865
underwent,0.6996152248826969,0.09752414833566604,0.20286062678163713
influenced,0.6993589236685378,0.141816606397142,0.15882446993432006
##unced,0.6981771143130321,0.08201082589711198,0.2198120597898559
verdict,0.6981741028574722,0.24723018200916527,0.05459571513336275
##ried,0.6979971450602048,0.13829753687035187,0.1637053180694434
realization,0.6972671259003952,0.1668862352661439,0.1358466388334609
homo,0.6967109283868791,0.17572727606025082,0.12756179555287006
dam,0.6956165619142346,0.23499779275163526,0.06938564533413015
##mann,0.6950710745374837,0.03093218706040344,0.2739967384021128
##ache,0.6949632125230102,0.27638202112711435,0.02865476634987534
haiti,0.6940660927479946,0.19604158178393932,0.10989232546806607
flirting,0.694044947225583,0.0016135547263831508,0.30434149804803395
testament,0.693187697307172,0.24862150663558905,0.05819079605723901
doubles,0.6920957080838708,0.14319093268005617,0.164713359236073
##uck,0.6919818360384796,0.21630292903243825,0.09171523492908204
##now,0.6913973346583806,0.1667729668519191,0.14182969848970037
##verance,0.6909225362822867,0.28189130471776136,0.027186158999951845
prevailed,0.6904846487039157,0.09960402914495192,0.20991132215113248
physically,0.6900368665058494,0.247771085672858,0.06219204782129269
thinking,0.6895844010351767,0.1912228920222711,0.1191927069425522
##alia,0.6895061241936024,0.19682235796488087,0.11367151784151687
335,0.6894917071263946,0.011357794979379686,0.29915049789422576
##logy,0.6892388352689995,0.03260029085536585,0.27816087387563465
mini,0.6889175827152045,0.26937559511399517,0.04170682217080024
##rge,0.6886914457227399,0.15301436577603358,0.15829418850122642
enforced,0.6877015533309805,0.176171817621819,0.1361266290472005
orr,0.6867896033168306,0.21564730791352582,0.09756308876964354
burns,0.686358782450775,0.23917617856248577,0.07446503898673922
chorus,0.6862727905983402,0.1276032708602854,0.1861239385413744
solvent,0.6861268745596613,0.29426212175680533,0.019611003683533478
cathy,0.6860881550813769,0.10491438662866832,0.20899745828995483
tumbling,0.6858645003405714,0.010076337281974553,0.30405916237745395
slipped,0.6856805940795201,0.22923384506478384,0.08508556085569613
peg,0.6846288969844377,0.31473407646669416,0.0006370265488681439
ollie,0.6839040551824852,0.2496548008089178,0.06644114400859699
brent,0.6835272483129513,0.25712277632731423,0.059349975359734436
agnes,0.6835183339651287,0.2171983677514004,0.09928329828347093
exchanged,0.6832853808582348,0.19527405037216408,0.12144056876960123
likened,0.6831311328376324,0.24642117082940826,0.07044769633295939
learn,0.682308775045912,0.06786953088389555,0.24982169407019245
agra,0.6822047054745691,0.13167177618789383,0.18612351833753704
##cation,0.6818269661685119,0.001724247369744844,0.31644878646174335
hallways,0.681534418264746,0.031084475900720134,0.28738110583453375
nationalism,0.6812094669858746,0.22845354788883573,0.09033698512528966
##hara,0.6810177037114304,0.19824057575524856,0.12074172053332101
266,0.6807673239486766,0.09160708242765037,0.22762559362367302
fledged,0.6805499738922819,0.058127827410612995,0.26132219869710516
southeast,0.6804188175818905,0.2635708719084545,0.05601031050965483
collin,0.6801426094836012,0.08509763239549448,0.23475975812090427
lending,0.6800001004487175,0.0960084591666739,0.22399144038460872
narrowing,0.678806404783654,0.2874355173592736,0.033758077857072626
##girl,0.6778795152291558,0.14976823947847762,0.1723522452923665
##tic,0.6768811691109394,0.046536038689955234,0.2765827921991054
ecclesiastical,0.6766867765692306,0.016436664651569906,0.30687655877919945
gauge,0.6760185319435491,0.0005962459672452593,0.32338522208920567
##iel,0.6759113268649839,0.10988903508259815,0.21419963805241796
##gli,0.6758011415384193,0.28305115828113525,0.04114770018044539
51st,0.6751644647129726,0.015506062265233352,0.30932947302179403
patent,0.6739989050627979,0.25369047442087567,0.07231062051632631
##frame,0.673996692789384,0.035194175828473416,0.2908091313821426
##placed,0.6732512696238181,0.2592191954440068,0.06752953493217513
baghdad,0.6728509024644482,0.13761690489974457,0.18953219263580703
graduates,0.6728224005122684,0.07566969040506709,0.25150790908266457
##of,0.6725702610599508,0.13281917045681482,0.19461056848323433
##vian,0.6713553637661449,0.32762242540507225,0.0010222108287828275
##iri,0.6711198408645493,0.245322374094378,0.08355778504107268
attempts,0.670296262288503,0.21802373622227825,0.11168000148921868
gary,0.6696717193899046,0.0844524826118575,0.24587579799823786
##lim,0.6694659092424295,0.274140173427108,0.05639391733046245
##agger,0.6691801064976496,0.1760422544235054,0.15477763907884498
cancellation,0.6685780240203432,0.2358682538099539,0.09555372216970301
wings,0.6683066318430861,0.32033861234499544,0.011354755811918409
operational,0.6680867188468529,0.13885264954614138,0.1930606316070058
definitive,0.6679807399943734,0.3117526291131002,0.020266630892526217
suspense,0.667775418501078,0.10396787021069753,0.22825671128822453
designation,0.6676031536269823,0.23895812235448285,0.09343872401853476
obsessed,0.6672511277054001,0.05030649848582423,0.2824423738087758
caught,0.6671126081258509,0.15768904617483342,0.17519834569931575
##estra,0.6670116186907078,0.25323192789369614,0.0797564534155961
##hi,0.6668433651189106,0.12743301445408503,0.20572362042700426
relative,0.6662519235415023,0.29615237202218275,0.03759570443631479
workforce,0.6661635183748241,0.26405513800658825,0.06978134361858758
payton,0.6658446099554947,0.14653994701653694,0.18761544302796843
ticked,0.6656956627769356,0.31302085498917587,0.02128348223388833
duties,0.6647057396871364,0.21191144413433602,0.12338281617852749
730,0.6646033429023203,0.2738607265871785,0.0615359305105012
##yd,0.6644671979553946,0.041433246829725476,0.29409955521488
village,0.6642040065170196,0.15129990426564036,0.18449608921733998
concepts,0.6635590075315575,0.15425977902559385,0.18218121344284868
dipping,0.6633399945015055,0.1641348063576227,0.1725251991408719
strolled,0.6631939641848247,0.27696822102100077,0.059837814794174486
wartime,0.6629872162030017,0.08639240714988472,0.2506203766471137
introductions,0.6629550091150094,0.03437967458182089,0.3026653163031697
granting,0.6619286099258783,0.11039353245615584,0.22767785761796575
maintaining,0.6613497928647081,0.2695097119191163,0.06914049521617559
assessed,0.6597377056719743,0.027673454369519505,0.31258883995850617
vents,0.6591978714027507,0.21990455224765013,0.12089757634959919
##taken,0.6579117166044646,0.13271434276582372,0.20937394062971174
##ught,0.6577569566990853,0.09196674624073951,0.25027629706017507
##uz,0.6575573200992361,0.3357516978239214,0.006690982076842506
transplant,0.6568246096648279,0.029399269360719973,0.31377612097445207
objected,0.6559908677868228,0.29383921351825176,0.050169918694925465
forgotten,0.6558728829479782,0.004242642782382122,0.3398844742696397
illuminated,0.6557067547498165,0.33038079285154687,0.013912452398636622
barns,0.6556539727429412,0.10246490640896957,0.2418811208480891
wow,0.6551202662615684,0.26200131612764127,0.08287841761079026
preparations,0.6550209824411585,0.05161215512130602,0.2933668624375356
michelle,0.6544804625853694,0.23129979898535113,0.11421973842927953
luke,0.6535516839722603,0.19682306315088033,0.14962525287685935
frame,0.653434578354014,0.16284325734499894,0.18372216430098715
dogg,0.6533634313166752,0.3222568568512201,0.024379711832104706
uncertainty,0.6524800969958532,0.16519091753506188,0.182328985469085
importantly,0.6524549232745535,0.033625726670937106,0.31391935005450944
fled,0.6523412618747827,0.2622554093697715,0.0854033287554458
##oom,0.6516670888321362,0.27998418005337683,0.06834873111448704
ribs,0.6512905386287805,0.004021778026000447,0.344687683345219
tying,0.650989652976777,0.3189906553128121,0.030019691710410763
##lining,0.6508990746092351,0.2569712933251823,0.09212963206558246
constructive,0.6499904572063296,0.08904927850506808,0.2609602642886023
##gent,0.6498835997221141,0.25270458023044134,0.0974118200474446
69,0.649416129352818,0.2357402452536189,0.11484362539356308
assistant,0.6488838456994211,0.057029743854339,0.29408641044623973
split,0.6485338301655229,0.16439264476948084,0.18707352506499622
##wr,0.6484764241999096,0.09214266996092031,0.25938090583917006
prevents,0.6480849352822635,0.1063481884099958,0.24556687630774063
sweet,0.6477517288897724,0.19838941600363966,0.15385885510658792
##ears,0.6473873733076456,0.07295846915331233,0.27965415753904194
requested,0.6473384254815635,0.18094898846256735,0.17171258605586903
terminating,0.6473058093617242,0.001060904436627507,0.35163328620164835
pittsburgh,0.6471409034800583,0.2828134671260359,0.07004562939390589
306,0.6470732628273219,0.3001819669349451,0.05274477023773306
mahal,0.6466812927650465,0.04932218704856084,0.3039965201863926
yield,0.6466605807589467,0.33688706006985564,0.0164523591711976
195,0.6465082043671033,0.3406254045911942,0.012866391041702514
indianapolis,0.646408669405828,0.14311275513644459,0.21047857545772736
whistle,0.6462936384218544,0.15352155018108954,0.20018481139705616
##wa,0.6461336798195428,0.35315807363957974,0.0007082465408773512
##nti,0.6458557529945252,0.21822437430393712,0.13591987270153758
disturbing,0.6457390007035774,0.1651843434086775,0.1890766558877451
newer,0.6457197081021132,0.27056561739403867,0.08371467450384802
##20,0.645115976636409,0.207271427664808,0.1476125956987831
monument,0.6449418997966204,0.32333633122892896,0.03172176897445055
pressing,0.644886294911608,0.09799171842884696,0.257121986659545
311,0.6448267812948304,0.08919913809435312,0.2659740806108164
clarence,0.6447700373252,0.32225023797860225,0.032979724696197824
130,0.6446582276887735,0.1726109469706898,0.18273082534053672
upgrade,0.6441778089142223,0.03914686276222503,0.3166753283235527
confess,0.6439475752687859,0.25511406602675696,0.10093835870445708
snapping,0.6437106891043859,0.08065519485526808,0.2756341160403461
mimic,0.6420967009337829,0.15623375360183714,0.20166954546438007
volumes,0.6415246675168469,0.06146150331340848,0.29701382916974467
girls,0.6414904604679666,0.11672555785013555,0.2417839816818978
directors,0.6414765453514872,0.07279025261383834,0.28573320203467434
resulted,0.6413809835293273,0.20093497908297223,0.15768403738770048
##lined,0.641319542450514,0.25989684469909824,0.09878361285038768
##gn,0.6405448579895323,0.3203357358107512,0.03911940619971657
disturbance,0.6404627542995149,0.08439192753771915,0.2751453181627658
rode,0.6403102615949636,0.07490855063868614,0.28478118776635036
mobile,0.6398153867907259,0.17775685708681202,0.18242775612246198
##ede,0.639674856364882,0.043432264628129214,0.31689287900698876
293,0.6393068671424195,0.19379839171490534,0.16689474114267525
rifles,0.6387073314954304,0.23205922373739865,0.12923344476717086
fei,0.6385499849936204,0.09614612450325043,0.2653038905031292
modifications,0.6385397925900552,0.1184386241940468,0.24302158321589806
wayne,0.6377997163154425,0.03660189617860987,0.3255983875059475
sinks,0.6377961199866551,0.32643465454349907,0.035769225469845796
dad,0.6366895970106249,0.050947242265250096,0.312363160724125
##heads,0.6361843573847895,0.03167544453880278,0.3321401980764077
specialty,0.6357215885090073,0.12838088486741797,0.23589752662357466
hilary,0.6353900995407306,0.3086744481775968,0.05593545228167269
finish,0.6352152111811923,0.22006405306378563,0.14472073575502203
sexually,0.6346481590087141,0.17473600718676782,0.19061583380451794
auditorium,0.634605505609341,0.28785941418789746,0.07753508020276152
##hon,0.6344012030089866,0.2591211028138716,0.10647769417714192
titan,0.6343028771094187,0.16755957748168473,0.19813754540889655
qualified,0.6339067105708258,0.19943970018390292,0.16665358924527124
liu,0.6333241213402401,0.10202898334881345,0.2646468953109463
##upt,0.6331031929988093,0.26913959204241567,0.09775721495877494
choke,0.6329774631953142,0.08311136180053548,0.28391117500415025
##ulated,0.6318892433807622,0.343460341855478,0.0246504147637598
patriots,0.6315077278253057,0.15913427116947876,0.20935800100521557
##ulously,0.6312654714580007,0.10782751158098125,0.260907016961018
soul,0.6310607106152424,0.2572797883138964,0.11165950107086114
backyard,0.6309926920470429,0.23103058759416265,0.1379767203587944
wrapped,0.6309365901963444,0.221405227690529,0.14765818211312653
dea,0.6302530355050731,0.2645112710132222,0.10523569348170476
##logic,0.6297868090356085,0.30273880449803836,0.06747438646635322
shaking,0.6295237947618879,0.23235126918362842,0.13812493605448378
libyan,0.6289038465636898,0.16392778730426694,0.20716836613204326
mineral,0.6286240779158957,0.27063447371346566,0.10074144837063867
45th,0.6284876843342319,0.22075954150641114,0.15075277415935703
##ira,0.628396633800474,0.11959176634188742,0.25201159985763855
motivation,0.6281034551310919,0.18622463116527063,0.18567191370363748
inexperienced,0.6280499273543406,0.14357138817726187,0.22837868446839754
governed,0.6278011399584988,0.16915633382105302,0.20304252622044808
delivery,0.6276621466523551,0.1721537588160367,0.20018409453160818
hardship,0.6274653056950372,0.20316829683408932,0.1693663974708735
##jo,0.6273461274123007,0.20326707641469488,0.16938679617300442
conquest,0.6269659497871295,0.3359003262220992,0.03713372399077135
waking,0.6267866934519718,0.1856093195678302,0.18760398698019812
fifteen,0.6263368328133937,0.21813374186614815,0.15552942532045824
flying,0.6255931342865246,0.3053511271005401,0.06905573861293529
monitoring,0.6248443396908167,0.13516015172499085,0.23999550858419239
##grade,0.6247231293927445,0.15761418543896544,0.21766268516829004
carrie,0.6245408151433728,0.12330182163351572,0.2521573632231116
sleep,0.6244527760669715,0.24030556974710704,0.1352416541859215
reside,0.6243333796894476,0.1933432505189026,0.1823233697916497
intimidation,0.6241832389540689,0.29900522722173584,0.07681153382419527
riches,0.6237710102820493,0.12256946440251984,0.2536595253154309
loans,0.6236054439874372,0.20752980374815982,0.16886475226440284
##bank,0.6234475748686125,0.08783860410300426,0.28871382102838317
brock,0.6233263481311031,0.18794365147989592,0.1887300003890009
civilian,0.6232015929762981,0.3755167362193614,0.0012816708043405971
studio,0.6226204161785602,0.2321945926997654,0.14518499112167435
medicine,0.62259024003426,0.10747980543491192,0.26992995453082796
curve,0.6225326006047401,0.24939942420715666,0.12806797518810317
timing,0.6224483507956245,0.038881085318618516,0.33867056388575684
inferno,0.6221740514768797,0.3070278395734837,0.07079810894963663
revival,0.6217009612558201,0.11289322933556165,0.2654058094086182
prominence,0.6216869552180275,0.17290973185091527,0.20540331293105715
bargain,0.6216361199597394,0.24617860388603147,0.13218527615422893
paxton,0.6211386495248818,0.12276696219205228,0.2560943882830659
dawson,0.6210909294732097,0.1327137529846044,0.24619531754218593
monsoon,0.6209726989497237,0.11064595585730738,0.2683813451929689
exploitation,0.6207957362628221,0.21404305562902057,0.16516120810815738
reno,0.6202707763384304,0.13140580260078932,0.24832342106078026
plants,0.6202314471399127,0.2845268389856711,0.09524171387441617
patrols,0.6201595158612409,0.19969499941888488,0.18014548471987435
##omi,0.6201519560864804,0.20901979048101754,0.17082825343250208
unhappy,0.6200698958369028,0.11853212316598306,0.26139798099711425
##ished,0.6195949967710678,0.3292504867772248,0.051154516451707495
classmate,0.6193097694557307,0.26460544140726444,0.11608478913700493
barbara,0.6192414194143023,0.2194973184095305,0.16126126217616726
amounts,0.619204229001227,0.22227038342817265,0.15852538757060042
paper,0.6191981347611625,0.16969242611260305,0.21110943912623437
socially,0.6190687299858553,0.11412285698258401,0.2668084130315606
executions,0.618664565309922,0.15209121585866728,0.22924421883141072
maintain,0.6185628788857004,0.18045544787079773,0.2009816732435018
attacker,0.6184174851047126,0.3628392264334875,0.01874328846180003
suppose,0.6182772534339575,0.20069883391890997,0.18102391264713258
rises,0.6182572458441611,0.2639621590296701,0.11778059512616885
tis,0.6178487248666817,0.1198372441247368,0.26231403100858147
relation,0.6175992902007161,0.21898382257092022,0.1634168872283636
music,0.6167915944263794,0.29203556207887854,0.09117284349474218
moderately,0.6160937446942895,0.038500820667807974,0.3454054346379026
tar,0.6160324093017755,0.09910091921503456,0.28486667148318995
insight,0.6159902705344985,0.15040414258040702,0.23360558688509453
certification,0.6157370488303457,0.1534634784950423,0.2307994726746119
##nd,0.6155736284309935,0.123708539222481,0.2607178323465255
adversary,0.6154306575821471,0.08389238859946027,0.30067695381839277
deter,0.6142254883763029,0.20291567627450693,0.1828588353491903
justify,0.6136651552452077,0.1570732461630093,0.22926159859178297
pot,0.6134415647264823,0.21461340256150027,0.17194503271201744
containing,0.6132841790177616,0.07649833031252061,0.31021749066971793
pac,0.6130600076283277,0.1372195106217853,0.24972048174988687
rai,0.6130096370783328,0.07910849996749338,0.30788186295417386
sat,0.61190978769622,0.21091810381206694,0.17717210849171303
brain,0.6116560571259094,0.17904250722817838,0.20930143564591225
##mit,0.6116215662816644,0.038584132866208334,0.3497943008521273
##vir,0.6114645285457482,0.0454794184007873,0.34305605305346454
tears,0.6110340778098018,0.08363690263350657,0.3053290195566916
archbishop,0.6109845947564985,0.35443055012307784,0.03458485512042374
pont,0.610860326525073,0.16675733372921203,0.222382339745715
dictatorship,0.6107951325402569,0.16983986572992132,0.21936500172982193
marilyn,0.6107447777437423,0.08938562372789184,0.299869598528366
imposed,0.610596255735607,0.16650545726077376,0.2228982870036192
rage,0.610534350845029,0.18316695561330096,0.20629869354167008
dams,0.6103100132739069,0.38481474462009185,0.004875242106001431
vatican,0.6102923387976373,0.027983846401261513,0.36172381480110105
thailand,0.6102878425512172,0.1222919927039503,0.26742016474483254
##iated,0.6101208903861972,0.14633228383486593,0.24354682577893685
breakdown,0.6094491383486623,0.15239820767459766,0.23815265397673996
christ,0.6094286053748604,0.07979939064395329,0.3107720039811864
rejoin,0.6093625183927077,0.11390048817271987,0.2767369934345724
kan,0.6087920588813309,0.22486876914432075,0.16633917197434825
sway,0.6087672791881652,0.09240250416732171,0.2988302166445131
freely,0.6086826320024177,0.053957589096867146,0.33735977890071517
wan,0.6083624923758049,0.15191295573656377,0.2397245518876313
logan,0.6077931233927386,0.2629758446051256,0.1292310320021358
urban,0.6073973641982977,0.10369868583546489,0.2889039499662373
##ary,0.6073056699431757,0.17623618655459292,0.21645814350223147
balloon,0.6073001315588674,0.1679726754329313,0.2247271930082014
constitutes,0.6072741435440006,0.2685296471531637,0.12419620930283584
hastily,0.6070960164625081,0.22974258723704913,0.1631613963004428
trio,0.6063675143193575,0.37894570053070054,0.014686785149941914
openings,0.6062403864461123,0.2720193587440023,0.1217402548098853
explosions,0.6056224902831774,0.003052737207046432,0.39132477250977626
guaranteed,0.605189217127187,0.28235104619789647,0.11245973667491649
bilateral,0.6051102793969909,0.37234706037584425,0.022542660227164762
vegetable,0.604988026914299,0.055391865294037126,0.33962010779166385
##usly,0.6046892928651494,0.15358491837370938,0.24172578876114134
communion,0.604485224492099,0.2581298734875592,0.13738490202034176
employing,0.6043223001958605,0.11395889630596243,0.28171880349817696
subjected,0.6040999826737957,0.30030052695199977,0.09559949037420452
shine,0.6037848586892587,0.2792626696165331,0.11695247169420807
##vor,0.603680443332179,0.19375412311274454,0.2025654335550765
acclaimed,0.6033713819564738,0.3496304681822045,0.046998149861321704
respect,0.6028823231155127,0.2679779396207821,0.12913973726370534
interior,0.602827460082125,0.21595464860685137,0.18121789131102367
trusts,0.6028163761618491,0.33167828397566385,0.06550533986248691
subjects,0.6026066585950329,0.039314680219566155,0.3580786611854009
outrageous,0.6018170818710731,0.18960293189077027,0.20857998623815657
tornado,0.6013846006669432,0.2767015965886387,0.12191380274441806
##active,0.6011827738458655,0.13537329353942323,0.26344393261471133
##day,0.6008761134895655,0.31028491120589385,0.08883897530454077
##icon,0.6001389407851941,0.2241667468141729,0.17569431240063288
##ctuated,0.5995554859278709,0.26041203261643203,0.14003248145569713
discount,0.5993507565088834,0.08765323163048765,0.31299601186062903
##ifying,0.599176925732925,0.11800356743801076,0.2828195068290643
wonderful,0.5991361784212342,0.3649760856585781,0.03588773592018758
doomed,0.5990203714829532,0.11254543426545703,0.2884341942515899
##izing,0.5989334082137984,0.21210027001167464,0.18896632177452688
calculated,0.5987797939373913,0.06262220360515798,0.33859800245745064
##rac,0.5987709920346517,0.30124523335102255,0.0999837746143258
ups,0.5986542863584533,0.0025290490630042925,0.3988166645785424
hire,0.5985741374525034,0.06921705644939745,0.3322088060980991
runner,0.5985578449665286,0.16917663644810263,0.2322655185853687
wit,0.5984102505498454,0.15355365741384422,0.24803609203631036
##iable,0.5983207429781339,0.09915427266543486,0.3025249843564313
##ration,0.5980916004473696,0.10186803456804433,0.3000403649845861
mckay,0.5975993069003895,0.34844476188637297,0.053955931213237565
refers,0.5969444632629043,0.18985737294029628,0.21319816379679948
cent,0.5967134527016568,0.24770202483142573,0.15558452246691754
cindy,0.5964215858236737,0.2207616595253577,0.18281675465096858
diplomacy,0.5963933654316821,0.14631062939004116,0.2572960051782767
##bic,0.5963709920069635,0.33736051073054,0.06626849726249641
ensured,0.5945330612637467,0.34476949461634154,0.06069744411991171
developers,0.5942643535379909,0.139970299884509,0.26576534657750006
##mm,0.5942594580488654,0.11554320359436158,0.2901973383567731
hinted,0.5940971311665516,0.18667172168165827,0.21923114715179012
ego,0.5940623821438161,0.13083927530517211,0.2750983425510117
immediate,0.593961231317323,0.18406131960204786,0.22197744908062905
##ice,0.5938087893006947,0.20011255259404448,0.20607865810526088
##vos,0.593398768123841,0.18537792509388604,0.221223306782273
researchers,0.5930584784605691,0.26423795474578443,0.1427035667936463
##ulin,0.5927817259744066,0.40415480850197205,0.0030634655236213585
fen,0.5926528753474475,0.06312442312059496,0.34422270153195755
actresses,0.5926326086754822,0.24659713576433676,0.16077025556018104
leaned,0.5925790087430449,0.20352872782330034,0.2038922634336546
disputes,0.5924236021419182,0.2717479087237434,0.13582848913433837
library,0.592381140572656,0.2838952411023854,0.12372361832495851
poles,0.5922980561526181,0.13523895582214082,0.27246298802524105
accommodations,0.5921278947264652,0.27123299669499445,0.13663910857854034
massacre,0.5918688916042297,0.13707174615421114,0.271059362241559
5th,0.5915476736554112,0.12522218373142915,0.28323014261315965
wiley,0.5914871389655105,0.36339274170674996,0.04512011932773955
##tu,0.5914157754012426,0.3221440137754481,0.08644021082330931
##tions,0.5910106522521306,0.39911254090922255,0.00987680683864695
dealers,0.5908978235797919,0.2471355914531077,0.16196658496710045
kimball,0.5901947810485448,0.06189542121807728,0.34790979773337793
oriented,0.5900015991980722,0.24913562001783482,0.1608627807840929
cf,0.5899220370153527,0.26248947083061475,0.14758849215403247
##eding,0.589871070845449,0.12753882164977726,0.28259010750477387
rim,0.5897731450642144,0.23973586953178427,0.17049098540400132
referring,0.5895418738712341,0.0860550072502452,0.32440311887852064
autonomous,0.5895035427120191,0.3076844077548891,0.10281204953309198
##eu,0.5893188582802779,0.011516864720980818,0.39916427699874124
ethical,0.589200830139219,0.181095493712198,0.2297036761485829
supervisors,0.5891501278654873,0.1144246933481483,0.29642517878636443
##nas,0.588849848218223,0.3522476486418172,0.05890250313995978
incomplete,0.5888405825959954,0.2773397166906403,0.13381970071336438
countless,0.5888171470933503,0.40468111535073054,0.0065017375559190075
pictured,0.5885109632696365,0.20226381198552287,0.20922522474484057
##worthy,0.5884235132774464,0.026479124013650338,0.3850973627089033
##10,0.5880660302131551,0.1413756464895115,0.27055832329733326
aboard,0.5878958840740736,0.3261203469539499,0.08598376897197643
leon,0.5878161850912272,0.38729149298024307,0.024892321928529533
##rl,0.5878042848499151,0.10201108119607374,0.3101846339540111
##actic,0.587664390729756,0.2585890013685889,0.15374660790165506
##view,0.5875671606184587,0.139753605491529,0.2726792338900123
2007,0.5872146356440955,0.29922011023232126,0.1135652541235833
infection,0.5868410134194201,0.3667173327816078,0.046441653798972186
gold,0.586810510355657,0.28043161943221767,0.1327578702121253
passionate,0.5865049871805588,0.15982801786070583,0.25366699495873535
##yp,0.5864818921488893,0.05303738617256063,0.3604807216785499
dire,0.5864208100355038,0.26024210388874747,0.15333708607574875
savings,0.5862832757130098,0.31741223199517027,0.09630449229181999
configuration,0.5862385536008262,0.22913706677278892,0.18462437962638498
trades,0.585999818620972,0.05428292742896951,0.3597172539500586
else,0.585745531432508,0.25361893268528346,0.16063553588220866
180,0.5851594296774727,0.16456393096970443,0.2502766393528228
descended,0.5851145556543464,0.35756693148758806,0.05731851285806543
intimate,0.5847964604675034,0.044168520761628284,0.37103501877086836
##hem,0.5847816789854782,0.36453543068926286,0.05068289032525896
spikes,0.5845708905867394,0.2690661675319209,0.14636294188133972
charting,0.5845132807729129,0.273685887612083,0.14180083161500398
widened,0.5844418749104906,0.05990074378682885,0.3556573813026805
responds,0.5843319773741608,0.18623015111676544,0.22943787150907385
